0 0
0.01 0.32
0.02 1.28
0.03 0
0.04 3.2
0.05 0
0.06 6.4
0.07 0
0.08 124.8
0.09 8
0.1 83.2
0.11 249.6
0.12 8
0.13 249.6
0.14 249.6
0.15 1.6
0.16 0
0.17 3.2
0.18 0
0.19 6.4
0.2 0
0.21 124.8
0.22 8
0.23 41.6
0.24 166.4
0.25 6.4
0.26 1.6
0.27 0
0.28 3.2
0.29 0
0.3 41.6
0.31 4.8
0.32 0
0.33 6.4
0.34 0
0.35 8
0.36 0
0.37 166.4
0.38 3.2
0.39 124.8
0.4 6.4
0.41 83.2
0.42 9.6
0.43 41.6
0.44 249.6
0.45 3.2
0.46 249.6
0.47 6.4
0.48 208
0.49 9.6
0.5 166.4
0.51 249.6
0.52 8
0.53 249.6
0.54 9.6
0.55 249.6
0.56 9.6
0.57 249.6
0.58 249.6
0.59 249.6
0.6 249.6
0.61 249.6
0.62 249.6
0.63 249.6
0.64 249.6
0.65 249.6
0.66 249.6
0.67 249.6
0.68 249.6
0.69 249.6
0.7 249.6
0.71 249.6
0.72 249.6
0.73 249.6
0.74 8
0.75 0
0.76 41.6
0.77 1.6
0.78 0
0.79 6.4
0.8 0
0.81 208
0.82 4.8
0.83 166.4
0.84 8
0.85 124.8
0.86 249.6
0.87 4.8
0.88 249.6
0.89 6.4
0.9 9.6
0.91 8
0.92 208
0.93 11.2
0.94 8
0.95 249.6
0.96 249.6
0.97 249.6
0.98 249.6
0.99 11.2
1 9.6
1.01 9.6
1.02 9.6
1.03 9.6
1.04 249.6
1.05 249.6
1.06 249.6
1.07 249.6
1.08 249.6
1.09 249.6
1.1 249.6
1.11 249.6
1.12 249.6
1.13 4.8
1.14 0
1.15 3.2
1.16 0
1.17 83.2
1.18 3.2
1.19 41.6
1.2 9.6
1.21 1.6
1.22 208
1.23 6.4
1.24 166.4
1.25 9.6
1.26 124.8
1.27 249.6
1.28 6.4
1.29 249.6
1.3 8
1.31 249.6
1.32 9.6
1.33 249.6
1.34 249.6
1.35 249.6
1.36 249.6
1.37 249.6
1.38 249.6
1.39 249.6
1.4 249.6
1.41 249.6
1.42 249.6
1.43 249.6
1.44 249.6
1.45 249.6
1.46 249.6
1.47 249.6
1.48 249.6
1.49 249.6
1.5 249.6
1.51 249.6
1.52 3.2
1.53 0
1.54 3.2
1.55 0
1.56 124.8
1.57 1.6
1.58 83.2
1.59 9.6
1.6 41.6
1.61 249.6
1.62 3.2
1.63 249.6
1.64 6.4
1.65 208
1.66 9.6
1.67 166.4
1.68 249.6
1.69 8
1.7 249.6
1.71 9.6
1.72 249.6
1.73 249.6
1.74 249.6
1.75 249.6
1.76 249.6
1.77 249.6
1.78 249.6
1.79 249.6
1.8 249.6
1.81 249.6
1.82 249.6
1.83 249.6
1.84 249.6
1.85 249.6
1.86 249.6
1.87 249.6
1.88 249.6
1.89 249.6
1.9 9.6
1.91 0
1.92 0
1.93 3.2
1.94 0
1.95 6.4
1.96 0
1.97 166.4
1.98 6.4
1.99 124.8
2 9.6
2.01 83.2
2.02 249.6
2.03 4.8
2.04 249.6
2.05 6.4
2.06 249.6
2.07 9.6
2.08 208
2.09 249.6
2.1 9.6
2.11 249.6
2.12 249.6
2.13 249.6
2.14 249.6
2.15 249.6
2.16 249.6
2.17 249.6
2.18 249.6
2.19 249.6
2.2 249.6
2.21 249.6
2.22 249.6
2.23 249.6
2.24 249.6
2.25 249.6
2.26 249.6
2.27 249.6
2.28 249.6
2.29 6.4
2.3 0
2.31 3.2
2.32 0
2.33 41.6
2.34 4.8
2.35 0
2.36 249.6
2.37 3.2
2.38 208
2.39 6.4
2.4 166.4
2.41 9.6
2.42 124.8
2.43 249.6
2.44 6.4
2.45 249.6
2.46 8
2.47 249.6
2.48 9.6
2.49 249.6
2.5 249.6
2.51 249.6
2.52 249.6
2.53 249.6
2.54 249.6
2.55 249.6
2.56 249.6
2.57 249.6
2.58 249.6
2.59 249.6
2.6 249.6
2.61 249.6
2.62 249.6
2.63 249.6
2.64 249.6
2.65 249.6
2.66 249.6
2.67 249.6
2.68 3.2
2.69 0
2.7 3.2
2.71 0
2.72 124.8
2.73 1.6
2.74 83.2
2.75 9.6
2.76 41.6
2.77 249.6
2.78 3.2
2.79 249.6
2.8 6.4
2.81 208
2.82 9.6
2.83 166.4
2.84 249.6
2.85 8
2.86 249.6
2.87 9.6
2.88 249.6
2.89 249.6
2.9 249.6
2.91 249.6
2.92 249.6
2.93 249.6
2.94 249.6
2.95 249.6
2.96 249.6
2.97 249.6
2.98 249.6
2.99 249.6
3 249.6
3.01 249.6
3.02 249.6
3.03 249.6
3.04 249.6
3.05 249.6
3.06 9.6
3.07 0
3.08 0
3.09 3.2
3.1 0
3.11 6.4
3.12 0
3.13 166.4
3.14 6.4
3.15 124.8
3.16 9.6
3.17 83.2
3.18 249.6
3.19 4.8
3.2 249.6
3.21 6.4
3.22 249.6
3.23 9.6
3.24 208
3.25 249.6
3.26 9.6
3.27 249.6
3.28 249.6
3.29 249.6
3.3 249.6
3.31 249.6
3.32 249.6
3.33 249.6
3.34 249.6
3.35 249.6
3.36 249.6
3.37 249.6
3.38 249.6
3.39 249.6
3.4 249.6
3.41 249.6
3.42 249.6
3.43 249.6
3.44 249.6
3.45 6.4
3.46 0
3.47 3.2
3.48 0
3.49 41.6
3.5 4.8
3.51 0
3.52 249.6
3.53 3.2
3.54 208
3.55 6.4
3.56 166.4
3.57 9.6
3.58 124.8
3.59 9.6
3.6 4.8
3.61 249.6
3.62 8
3.63 249.6
3.64 249.6
3.65 9.6
3.66 249.6
3.67 249.6
3.68 249.6
3.69 249.6
3.7 249.6
3.71 249.6
3.72 249.6
3.73 249.6
3.74 11.2
3.75 9.6
3.76 9.6
3.77 9.6
3.78 9.6
3.79 249.6
3.8 249.6
3.81 249.6
3.82 249.6
3.83 249.6
3.84 3.2
3.85 0
3.86 3.2
3.87 0
3.88 124.8
3.89 1.6
3.9 41.6
3.91 249.6
3.92 1.6
3.93 249.6
3.94 4.8
3.95 208
3.96 8
3.97 166.4
3.98 249.6
3.99 6.4
4 249.6
4.01 8
4.02 249.6
4.03 9.6
4.04 249.6
4.05 249.6
4.06 249.6
4.07 249.6
4.08 249.6
4.09 249.6
4.1 249.6
4.11 249.6
4.12 249.6
4.13 249.6
4.14 249.6
4.15 249.6
4.16 249.6
4.17 249.6
4.18 249.6
4.19 249.6
4.2 249.6
4.21 249.6
4.22 249.6
4.23 1.6
4.24 0
4.25 3.2
4.26 0
4.27 6.4
4.28 0
4.29 124.8
4.3 8
4.31 83.2
4.32 249.6
4.33 3.2
4.34 249.6
4.35 4.8
4.36 249.6
4.37 8
4.38 208
4.39 249.6
4.4 8
4.41 249.6
4.42 9.6
4.43 249.6
4.44 249.6
4.45 249.6
4.46 249.6
4.47 249.6
4.48 249.6
4.49 249.6
4.5 249.6
4.51 249.6
4.52 249.6
4.53 249.6
4.54 249.6
4.55 249.6
4.56 249.6
4.57 249.6
4.58 249.6
4.59 249.6
4.6 249.6
4.61 8
4.62 0
4.63 41.6
4.64 1.6
4.65 0
4.66 6.4
4.67 0
4.68 208
4.69 4.8
4.7 166.4
4.71 8
4.72 124.8
4.73 249.6
4.74 4.8
4.75 249.6
4.76 6.4
4.77 249.6
4.78 8
4.79 249.6
4.8 249.6
4.81 9.6
4.82 249.6
4.83 249.6
4.84 249.6
4.85 249.6
4.86 249.6
4.87 249.6
4.88 249.6
4.89 249.6
4.9 249.6
4.91 249.6
4.92 249.6
4.93 249.6
4.94 249.6
4.95 249.6
4.96 249.6
4.97 249.6
4.98 249.6
4.99 249.6
5 4.8
5.01 0
5.02 3.2
5.03 0
5.04 83.2
5.05 3.2
5.06 41.6
5.07 249.6
5.08 1.6
5.09 249.6
5.1 4.8
5.11 208
5.12 8
5.13 166.4
5.14 249.6
5.15 6.4
5.16 249.6
5.17 8
5.18 249.6
5.19 9.6
5.2 249.6
5.21 249.6
5.22 249.6
5.23 249.6
5.24 249.6
5.25 249.6
5.26 249.6
5.27 249.6
5.28 249.6
5.29 249.6
5.3 249.6
5.31 249.6
5.32 249.6
5.33 249.6
5.34 249.6
5.35 249.6
5.36 249.6
5.37 249.6
5.38 249.6
5.39 1.6
5.4 0
5.41 3.2
5.42 0
5.43 6.4
5.44 0
5.45 124.8
5.46 8
5.47 83.2
5.48 249.6
5.49 3.2
5.5 249.6
5.51 4.8
5.52 249.6
5.53 8
5.54 208
5.55 249.6
5.56 8
5.57 249.6
5.58 9.6
5.59 249.6
5.6 249.6
5.61 249.6
5.62 249.6
5.63 249.6
5.64 249.6
5.65 249.6
5.66 249.6
5.67 249.6
5.68 249.6
5.69 249.6
5.7 249.6
5.71 249.6
5.72 249.6
5.73 249.6
5.74 249.6
5.75 249.6
5.76 249.6
5.77 8
5.78 0
5.79 41.6
5.8 1.6
5.81 0
5.82 6.4
5.83 0
5.84 208
5.85 4.8
5.86 166.4
5.87 8
5.88 124.8
5.89 249.6
5.9 4.8
5.91 249.6
5.92 6.4
5.93 249.6
5.94 8
5.95 249.6
5.96 249.6
5.97 9.6
5.98 9.6
5.99 249.6
6 249.6
6.01 249.6
6.02 249.6
6.03 249.6
6.04 249.6
6.05 249.6
6.06 249.6
6.07 249.6
6.08 249.6
6.09 249.6
6.1 249.6
6.11 249.6
6.12 249.6
6.13 249.6
6.14 249.6
6.15 249.6
6.16 4.8
6.17 0
6.18 3.2
6.19 0
6.2 83.2
6.21 3.2
6.22 41.6
6.23 249.6
6.24 1.6
6.25 249.6
6.26 4.8
6.27 208
6.28 8
6.29 124.8
6.3 11.2
6.31 4.8
6.32 249.6
6.33 8
6.34 249.6
6.35 9.6
6.36 249.6
6.37 249.6
6.38 249.6
6.39 249.6
6.4 249.6
6.41 249.6
6.42 249.6
6.43 249.6
6.44 249.6
6.45 249.6
6.46 249.6
6.47 249.6
6.48 11.2
6.49 9.6
6.5 9.6
6.51 9.6
6.52 9.6
6.53 249.6
6.54 249.6
6.55 1.6
6.56 0
6.57 3.2
6.58 0
6.59 124.8
6.6 1.6
6.61 83.2
6.62 9.6
6.63 41.6
6.64 249.6
6.65 3.2
6.66 249.6
6.67 6.4
6.68 208
6.69 9.6
6.7 166.4
6.71 249.6
6.72 8
6.73 249.6
6.74 9.6
6.75 249.6
6.76 249.6
6.77 249.6
6.78 249.6
6.79 249.6
6.8 249.6
6.81 249.6
6.82 249.6
6.83 249.6
6.84 249.6
6.85 249.6
6.86 249.6
6.87 249.6
6.88 249.6
6.89 249.6
6.9 249.6
6.91 249.6
6.92 249.6
6.93 9.6
6.94 0
6.95 0
6.96 3.2
6.97 0
6.98 6.4
6.99 0
7 166.4
7.01 6.4
7.02 124.8
7.03 9.6
7.04 83.2
7.05 249.6
7.06 4.8
7.07 249.6
7.08 6.4
7.09 249.6
7.1 9.6
7.11 208
7.12 249.6
7.13 9.6
7.14 249.6
7.15 249.6
7.16 249.6
7.17 249.6
7.18 249.6
7.19 249.6
7.2 249.6
7.21 249.6
7.22 249.6
7.23 249.6
7.24 249.6
7.25 249.6
7.26 249.6
7.27 249.6
7.28 249.6
7.29 249.6
7.3 249.6
7.31 249.6
7.32 6.4
7.33 0
7.34 3.2
7.35 0
7.36 41.6
7.37 4.8
7.38 0
7.39 249.6
7.4 3.2
7.41 208
7.42 6.4
7.43 166.4
7.44 9.6
7.45 124.8
7.46 249.6
7.47 6.4
7.48 249.6
7.49 8
7.5 249.6
7.51 9.6
7.52 249.6
7.53 249.6
7.54 249.6
7.55 249.6
7.56 249.6
7.57 249.6
7.58 249.6
7.59 249.6
7.6 249.6
7.61 249.6
7.62 249.6
7.63 249.6
7.64 249.6
7.65 249.6
7.66 249.6
7.67 249.6
7.68 249.6
7.69 249.6
7.7 249.6
7.71 3.2
7.72 0
7.73 3.2
7.74 0
7.75 124.8
7.76 1.6
7.77 83.2
7.78 9.6
7.79 41.6
7.8 249.6
7.81 3.2
7.82 249.6
7.83 6.4
7.84 208
7.85 9.6
7.86 166.4
7.87 249.6
7.88 8
7.89 249.6
7.9 9.6
7.91 249.6
7.92 249.6
7.93 249.6
7.94 249.6
7.95 249.6
7.96 249.6
7.97 249.6
7.98 249.6
7.99 249.6
8 249.6
8.01 249.6
8.02 249.6
8.03 249.6
8.04 249.6
8.05 249.6
8.06 249.6
8.07 249.6
8.08 249.6
8.09 9.6
8.1 0
8.11 0
8.12 3.2
8.13 0
8.14 6.4
8.15 0
8.16 166.4
8.17 6.4
8.18 124.8
8.19 9.6
8.2 83.2
8.21 249.6
8.22 4.8
8.23 249.6
8.24 6.4
8.25 249.6
8.26 9.6
8.27 208
8.28 249.6
8.29 9.6
8.3 249.6
8.31 249.6
8.32 249.6
8.33 249.6
8.34 249.6
8.35 249.6
8.36 249.6
8.37 249.6
8.38 249.6
8.39 249.6
8.4 249.6
8.41 249.6
8.42 249.6
8.43 249.6
8.44 249.6
8.45 249.6
8.46 249.6
8.47 249.6
8.48 6.4
8.49 0
8.5 3.2
8.51 0
8.52 41.6
8.53 4.8
8.54 0
8.55 249.6
8.56 3.2
8.57 208
8.58 6.4
8.59 166.4
8.6 9.6
8.61 124.8
8.62 249.6
8.63 6.4
8.64 249.6
8.65 8
8.66 9.6
8.67 9.6
8.68 249.6
8.69 9.6
8.7 9.6
8.71 9.6
8.72 9.6
8.73 249.6
8.74 249.6
8.75 249.6
8.76 249.6
8.77 249.6
8.78 249.6
8.79 249.6
8.8 249.6
8.81 249.6
8.82 249.6
8.83 249.6
8.84 249.6
8.85 249.6
8.86 249.6
8.87 3.2
8.88 0
8.89 3.2
8.9 0
8.91 124.8
8.92 1.6
8.93 83.2
8.94 9.6
8.95 41.6
8.96 9.6
8.97 3.2
8.98 249.6
8.99 6.4
9 166.4
9.01 249.6
9.02 6.4
9.03 249.6
9.04 8
9.05 249.6
9.06 9.6
9.07 249.6
9.08 249.6
9.09 249.6
9.1 249.6
9.11 249.6
9.12 249.6
9.13 249.6
9.14 249.6
9.15 249.6
9.16 249.6
9.17 249.6
9.18 249.6
9.19 249.6
9.2 249.6
9.21 249.6
9.22 11.2
9.23 9.6
9.24 9.6
9.25 9.6
9.26 0
9.27 0
9.28 3.2
9.29 0
9.3 6.4
9.31 0
9.32 124.8
9.33 8
9.34 83.2
9.35 249.6
9.36 3.2
9.37 249.6
9.38 4.8
9.39 249.6
9.4 8
9.41 208
9.42 249.6
9.43 8
9.44 249.6
9.45 9.6
9.46 249.6
9.47 249.6
9.48 249.6
9.49 249.6
9.5 249.6
9.51 249.6
9.52 249.6
9.53 249.6
9.54 249.6
9.55 249.6
9.56 249.6
9.57 249.6
9.58 249.6
9.59 249.6
9.6 249.6
9.61 249.6
9.62 249.6
9.63 249.6
9.64 8
9.65 0
9.66 41.6
9.67 1.6
9.68 0
9.69 6.4
9.7 0
9.71 208
9.72 4.8
9.73 166.4
9.74 8
9.75 124.8
9.76 249.6
9.77 4.8
9.78 249.6
9.79 6.4
9.8 249.6
9.81 8
9.82 249.6
9.83 249.6
9.84 9.6
9.85 249.6
9.86 249.6
9.87 249.6
9.88 249.6
9.89 249.6
9.9 249.6
9.91 249.6
9.92 249.6
9.93 249.6
9.94 249.6
9.95 249.6
9.96 249.6
9.97 249.6
9.98 249.6
9.99 249.6
10 249.6
10.01 249.6
10.02 249.6
10.03 4.8
10.04 0
10.05 3.2
10.06 0
10.07 83.2
10.08 3.2
10.09 41.6
10.1 249.6
10.11 1.6
10.12 249.6
10.13 4.8
10.14 208
10.15 8
10.16 166.4
10.17 249.6
10.18 6.4
10.19 249.6
10.2 8
10.21 249.6
10.22 9.6
10.23 249.6
10.24 249.6
10.25 249.6
10.26 249.6
10.27 249.6
10.28 249.6
10.29 249.6
10.3 249.6
10.31 249.6
10.32 249.6
10.33 249.6
10.34 249.6
10.35 249.6
10.36 249.6
10.37 249.6
10.38 249.6
10.39 249.6
10.4 249.6
10.41 249.6
10.42 1.6
10.43 0
10.44 3.2
10.45 0
10.46 6.4
10.47 0
10.48 124.8
10.49 8
10.5 83.2
10.51 249.6
10.52 3.2
10.53 249.6
10.54 4.8
10.55 249.6
10.56 8
10.57 208
10.58 249.6
10.59 8
10.6 249.6
10.61 9.6
10.62 249.6
10.63 249.6
10.64 249.6
10.65 249.6
10.66 249.6
10.67 249.6
10.68 249.6
10.69 249.6
10.7 249.6
10.71 249.6
10.72 249.6
10.73 249.6
10.74 249.6
10.75 249.6
10.76 249.6
10.77 249.6
10.78 249.6
10.79 249.6
10.8 8
10.81 0
10.82 41.6
10.83 1.6
10.84 0
10.85 6.4
10.86 0
10.87 208
10.88 4.8
10.89 166.4
10.9 8
10.91 124.8
10.92 249.6
10.93 4.8
10.94 249.6
10.95 6.4
10.96 249.6
10.97 8
10.98 249.6
10.99 249.6
11 9.6
11.01 249.6
11.02 249.6
11.03 249.6
11.04 249.6
11.05 249.6
11.06 249.6
11.07 249.6
11.08 249.6
11.09 249.6
11.1 249.6
11.11 249.6
11.12 249.6
11.13 249.6
11.14 249.6
11.15 249.6
11.16 249.6
11.17 249.6
11.18 249.6
11.19 4.8
11.2 0
11.21 3.2
11.22 0
11.23 83.2
11.24 3.2
11.25 41.6
11.26 249.6
11.27 1.6
11.28 249.6
11.29 4.8
11.3 208
11.31 8
11.32 166.4
11.33 249.6
11.34 6.4
11.35 249.6
11.36 8
11.37 9.6
11.38 8
11.39 249.6
11.4 249.6
11.41 249.6
11.42 11.2
11.43 9.6
11.44 9.6
11.45 9.6
11.46 9.6
11.47 249.6
11.48 249.6
11.49 249.6
11.5 249.6
11.51 249.6
11.52 249.6
11.53 249.6
11.54 249.6
11.55 249.6
11.56 249.6
11.57 249.6
11.58 1.6
11.59 0
11.6 3.2
11.61 0
11.62 6.4
11.63 0
11.64 124.8
11.65 8
11.66 83.2
11.67 9.6
11.68 1.6
11.69 249.6
11.7 6.4
11.71 208
11.72 9.6
11.73 166.4
11.74 249.6
11.75 8
11.76 249.6
11.77 9.6
11.78 249.6
11.79 249.6
11.8 249.6
11.81 249.6
11.82 249.6
11.83 249.6
11.84 249.6
11.85 249.6
11.86 249.6
11.87 249.6
11.88 249.6
11.89 249.6
11.9 249.6
11.91 249.6
11.92 249.6
11.93 249.6
11.94 249.6
11.95 249.6
11.96 9.6
11.97 0
11.98 0
11.99 3.2
12 0
12.01 6.4
12.02 0
12.03 166.4
12.04 6.4
12.05 124.8
12.06 9.6
12.07 83.2
12.08 249.6
12.09 4.8
12.1 249.6
12.11 6.4
12.12 249.6
12.13 9.6
12.14 208
12.15 249.6
12.16 9.6
12.17 249.6
12.18 249.6
12.19 249.6
12.2 249.6
12.21 249.6
12.22 249.6
12.23 249.6
12.24 249.6
12.25 249.6
12.26 249.6
12.27 249.6
12.28 249.6
12.29 249.6
12.3 249.6
12.31 249.6
12.32 249.6
12.33 249.6
12.34 249.6
12.35 6.4
12.36 0
12.37 3.2
12.38 0
12.39 41.6
12.4 4.8
12.41 0
12.42 249.6
12.43 3.2
12.44 208
12.45 6.4
12.46 166.4
12.47 9.6
12.48 124.8
12.49 249.6
12.5 6.4
12.51 249.6
12.52 8
12.53 249.6
12.54 9.6
12.55 249.6
12.56 249.6
12.57 249.6
12.58 249.6
12.59 249.6
12.6 249.6
12.61 249.6
12.62 249.6
12.63 249.6
12.64 249.6
12.65 249.6
12.66 249.6
12.67 249.6
12.68 249.6
12.69 249.6
12.7 249.6
12.71 249.6
12.72 249.6
12.73 249.6
12.74 3.2
12.75 0
12.76 3.2
12.77 0
12.78 124.8
12.79 1.6
12.8 83.2
12.81 9.6
12.82 41.6
12.83 249.6
12.84 3.2
12.85 249.6
12.86 6.4
12.87 208
12.88 9.6
12.89 166.4
12.9 249.6
12.91 8
12.92 249.6
12.93 9.6
12.94 249.6
12.95 249.6
12.96 249.6
12.97 249.6
12.98 249.6
12.99 249.6
13 249.6
13.01 249.6
13.02 249.6
13.03 249.6
13.04 249.6
13.05 249.6
13.06 249.6
13.07 249.6
13.08 249.6
13.09 249.6
13.1 249.6
13.11 249.6
13.12 9.6
13.13 0
13.14 0
13.15 3.2
13.16 0
13.17 6.4
13.18 0
13.19 166.4
13.2 6.4
13.21 124.8
13.22 9.6
13.23 83.2
13.24 249.6
13.25 4.8
13.26 249.6
13.27 6.4
13.28 249.6
13.29 9.6
13.3 208
13.31 249.6
13.32 9.6
13.33 249.6
13.34 249.6
13.35 249.6
13.36 249.6
13.37 249.6
13.38 249.6
13.39 249.6
13.4 249.6
13.41 249.6
13.42 249.6
13.43 249.6
13.44 249.6
13.45 249.6
13.46 249.6
13.47 249.6
13.48 249.6
13.49 249.6
13.5 249.6
13.51 6.4
13.52 0
13.53 3.2
13.54 0
13.55 41.6
13.56 4.8
13.57 0
13.58 249.6
13.59 3.2
13.6 208
13.61 6.4
13.62 166.4
13.63 9.6
13.64 124.8
13.65 249.6
13.66 6.4
13.67 249.6
13.68 8
13.69 249.6
13.7 9.6
13.71 249.6
13.72 249.6
13.73 249.6
13.74 249.6
13.75 249.6
13.76 249.6
13.77 249.6
13.78 249.6
13.79 249.6
13.8 249.6
13.81 249.6
13.82 249.6
13.83 249.6
13.84 249.6
13.85 249.6
13.86 249.6
13.87 249.6
13.88 249.6
13.89 249.6
13.9 3.2
13.91 0
13.92 3.2
13.93 0
13.94 124.8
13.95 1.6
13.96 83.2
13.97 9.6
13.98 41.6
13.99 249.6
14 3.2
14.01 249.6
14.02 6.4
14.03 208
14.04 9.6
14.05 166.4
14.06 9.6
14.07 6.4
14.08 249.6
14.09 9.6
14.1 249.6
14.11 249.6
14.12 249.6
14.13 249.6
14.14 249.6
14.15 249.6
14.16 11.2
14.17 9.6
14.18 9.6
14.19 9.6
14.2 9.6
14.21 249.6
14.22 249.6
14.23 249.6
14.24 249.6
14.25 249.6
14.26 249.6
14.27 249.6
14.28 9.6
14.29 0
14.3 0
14.31 3.2
14.32 0
14.33 6.4
14.34 0
14.35 166.4
14.36 6.4
14.37 83.2
14.38 249.6
14.39 3.2
14.4 249.6
14.41 4.8
14.42 249.6
14.43 8
14.44 208
14.45 249.6
14.46 8
14.47 249.6
14.48 9.6
14.49 249.6
14.5 249.6
14.51 249.6
14.52 249.6
14.53 249.6
14.54 249.6
14.55 249.6
14.56 249.6
14.57 249.6
14.58 249.6
14.59 249.6
14.6 249.6
14.61 249.6
14.62 249.6
14.63 249.6
14.64 249.6
14.65 249.6
14.66 249.6
14.67 8
14.68 0
14.69 41.6
14.7 1.6
14.71 0
14.72 6.4
14.73 0
14.74 208
14.75 4.8
14.76 166.4
14.77 8
14.78 124.8
14.79 249.6
14.8 4.8
14.81 249.6
14.82 6.4
14.83 249.6
14.84 8
14.85 249.6
14.86 249.6
14.87 9.6
14.88 249.6
14.89 249.6
14.9 249.6
14.91 249.6
14.92 249.6
14.93 249.6
14.94 249.6
14.95 249.6
14.96 249.6
14.97 249.6
14.98 249.6
14.99 249.6
15 249.6
15.01 249.6
15.02 249.6
15.03 249.6
15.04 249.6
15.05 249.6
15.06 4.8
15.07 0
15.08 3.2
15.09 0
15.1 83.2
15.11 3.2
15.12 41.6
15.13 249.6
15.14 1.6
15.15 249.6
15.16 4.8
15.17 208
15.18 8
15.19 166.4
15.2 249.6
15.21 6.4
15.22 249.6
15.23 8
15.24 249.6
15.25 9.6
15.26 249.6
15.27 249.6
15.28 249.6
15.29 249.6
15.3 249.6
15.31 249.6
15.32 249.6
15.33 249.6
15.34 249.6
15.35 249.6
15.36 249.6
15.37 249.6
15.38 249.6
15.39 249.6
15.4 249.6
15.41 249.6
15.42 249.6
15.43 249.6
15.44 249.6
15.45 1.6
15.46 0
15.47 3.2
15.48 0
15.49 6.4
15.5 0
15.51 124.8
15.52 8
15.53 83.2
15.54 249.6
15.55 3.2
15.56 249.6
15.57 4.8
15.58 249.6
15.59 8
15.6 208
15.61 249.6
15.62 8
15.63 249.6
15.64 9.6
15.65 249.6
15.66 249.6
15.67 249.6
15.68 249.6
15.69 249.6
15.7 249.6
15.71 249.6
15.72 249.6
15.73 249.6
15.74 249.6
15.75 249.6
15.76 249.6
15.77 249.6
15.78 249.6
15.79 249.6
15.8 249.6
15.81 249.6
15.82 249.6
15.83 8
15.84 0
15.85 41.6
15.86 1.6
15.87 0
15.88 6.4
15.89 0
15.9 208
15.91 4.8
15.92 166.4
15.93 8
15.94 124.8
15.95 249.6
15.96 4.8
15.97 249.6
15.98 6.4
15.99 249.6
16 8
16.01 249.6
16.02 249.6
16.03 9.6
16.04 249.6
16.05 249.6
16.06 249.6
16.07 249.6
16.08 249.6
16.09 249.6
16.1 249.6
16.11 249.6
16.12 249.6
16.13 249.6
16.14 249.6
16.15 249.6
16.16 249.6
16.17 249.6
16.18 249.6
16.19 249.6
16.2 249.6
16.21 249.6
16.22 4.8
16.23 0
16.24 3.2
16.25 0
16.26 83.2
16.27 3.2
16.28 41.6
16.29 249.6
16.3 1.6
16.31 249.6
16.32 4.8
16.33 208
16.34 8
16.35 166.4
16.36 249.6
16.37 6.4
16.38 249.6
16.39 8
16.4 249.6
16.41 9.6
16.42 249.6
16.43 249.6
16.44 249.6
16.45 249.6
16.46 249.6
16.47 249.6
16.48 249.6
16.49 249.6
16.5 249.6
16.51 249.6
16.52 249.6
16.53 249.6
16.54 249.6
16.55 249.6
16.56 249.6
16.57 249.6
16.58 249.6
16.59 249.6
16.6 249.6
16.61 1.6
16.62 0
16.63 3.2
16.64 0
16.65 6.4
16.66 0
16.67 124.8
16.68 8
16.69 83.2
16.7 249.6
16.71 3.2
16.72 249.6
16.73 4.8
16.74 249.6
16.75 8
16.76 166.4
16.77 249.6
16.78 8
16.79 249.6
16.8 9.6
16.81 249.6
16.82 249.6
16.83 249.6
16.84 249.6
16.85 249.6
16.86 249.6
16.87 249.6
16.88 249.6
16.89 249.6
16.9 11.2
16.91 9.6
16.92 9.6
16.93 9.6
16.94 9.6
16.95 249.6
16.96 249.6
16.97 249.6
16.98 249.6
16.99 8
17 0
17.01 41.6
17.02 1.6
17.03 0
17.04 6.4
17.05 0
17.06 166.4
17.07 6.4
17.08 124.8
17.09 9.6
17.1 83.2
17.11 249.6
17.12 4.8
17.13 249.6
17.14 6.4
17.15 249.6
17.16 9.6
17.17 208
17.18 249.6
17.19 9.6
17.2 249.6
17.21 249.6
17.22 249.6
17.23 249.6
17.24 249.6
17.25 249.6
17.26 249.6
17.27 249.6
17.28 249.6
17.29 249.6
17.3 249.6
17.31 249.6
17.32 249.6
17.33 249.6
17.34 249.6
17.35 249.6
17.36 249.6
17.37 249.6
17.38 6.4
17.39 0
17.4 3.2
17.41 0
17.42 41.6
17.43 4.8
17.44 0
17.45 249.6
17.46 3.2
17.47 208
17.48 6.4
17.49 166.4
17.5 9.6
17.51 124.8
17.52 249.6
17.53 6.4
17.54 249.6
17.55 8
17.56 249.6
17.57 9.6
17.58 249.6
17.59 249.6
17.6 249.6
17.61 249.6
17.62 249.6
17.63 249.6
17.64 249.6
17.65 249.6
17.66 249.6
17.67 249.6
17.68 249.6
17.69 249.6
17.7 249.6
17.71 249.6
17.72 249.6
17.73 249.6
17.74 249.6
17.75 249.6
17.76 249.6
17.77 3.2
17.78 0
17.79 3.2
17.8 0
17.81 124.8
17.82 1.6
17.83 83.2
17.84 9.6
17.85 41.6
17.86 249.6
17.87 3.2
17.88 249.6
17.89 6.4
17.9 208
17.91 9.6
17.92 166.4
17.93 249.6
17.94 8
17.95 249.6
17.96 9.6
17.97 249.6
17.98 249.6
17.99 249.6
18 249.6
18.01 249.6
18.02 249.6
18.03 249.6
18.04 249.6
18.05 249.6
18.06 249.6
18.07 249.6
18.08 249.6
18.09 249.6
18.1 249.6
18.11 249.6
18.12 249.6
18.13 249.6
18.14 249.6
18.15 9.6
18.16 0
18.17 0
18.18 3.2
18.19 0
18.2 6.4
18.21 0
18.22 166.4
18.23 6.4
18.24 124.8
18.25 9.6
18.26 83.2
18.27 249.6
18.28 4.8
18.29 249.6
18.3 6.4
18.31 249.6
18.32 9.6
18.33 208
18.34 249.6
18.35 9.6
18.36 249.6
18.37 249.6
18.38 249.6
18.39 249.6
18.4 249.6
18.41 249.6
18.42 249.6
18.43 249.6
18.44 249.6
18.45 249.6
18.46 249.6
18.47 249.6
18.48 249.6
18.49 249.6
18.5 249.6
18.51 249.6
18.52 249.6
18.53 249.6
18.54 6.4
18.55 0
18.56 3.2
18.57 0
18.58 41.6
18.59 4.8
18.6 0
18.61 249.6
18.62 3.2
18.63 208
18.64 6.4
18.65 166.4
18.66 9.6
18.67 124.8
18.68 249.6
18.69 6.4
18.7 249.6
18.71 8
18.72 249.6
18.73 9.6
18.74 249.6
18.75 249.6
18.76 249.6
18.77 249.6
18.78 249.6
18.79 249.6
18.8 249.6
18.81 249.6
18.82 249.6
18.83 249.6
18.84 249.6
18.85 249.6
18.86 249.6
18.87 249.6
18.88 249.6
18.89 249.6
18.9 249.6
18.91 249.6
18.92 249.6
18.93 3.2
18.94 0
18.95 3.2
18.96 0
18.97 124.8
18.98 1.6
18.99 83.2
19 9.6
19.01 41.6
19.02 249.6
19.03 3.2
19.04 249.6
19.05 6.4
19.06 208
19.07 9.6
19.08 166.4
19.09 249.6
19.1 8
19.11 249.6
19.12 9.6
19.13 9.6
19.14 249.6
19.15 249.6
19.16 249.6
19.17 249.6
19.18 249.6
19.19 249.6
19.2 249.6
19.21 249.6
19.22 249.6
19.23 249.6
19.24 249.6
19.25 249.6
19.26 249.6
19.27 249.6
19.28 249.6
19.29 249.6
19.3 249.6
19.31 9.6
19.32 0
19.33 0
19.34 3.2
19.35 0
19.36 6.4
19.37 0
19.38 166.4
19.39 6.4
19.4 124.8
19.41 9.6
19.42 83.2
19.43 9.6
19.44 83.2
19.45 11.2
19.46 6.4
19.47 208
19.48 249.6
19.49 8
19.5 249.6
19.51 9.6
19.52 249.6
19.53 249.6
19.54 249.6
19.55 249.6
19.56 249.6
19.57 249.6
19.58 249.6
19.59 249.6
19.6 249.6
19.61 249.6
19.62 249.6
19.63 11.2
19.64 9.6
19.65 9.6
19.66 9.6
19.67 9.6
19.68 249.6
19.69 249.6
19.7 6.4
19.71 0
19.72 3.2
19.73 0
19.74 0
19.75 6.4
19.76 0
19.77 208
19.78 4.8
19.79 166.4
19.8 8
19.81 124.8
19.82 249.6
19.83 4.8
19.84 249.6
19.85 6.4
19.86 249.6
19.87 8
19.88 249.6
19.89 249.6
19.9 9.6
19.91 249.6
19.92 249.6
19.93 249.6
19.94 249.6
19.95 249.6
19.96 249.6
19.97 249.6
19.98 249.6
19.99 249.6
20 249.6
20.01 249.6
20.02 249.6
20.03 249.6
20.04 249.6
20.05 249.6
20.06 249.6
20.07 249.6
20.08 249.6
20.09 4.8
20.1 0
20.11 3.2
20.12 0
20.13 83.2
20.14 3.2
20.15 41.6
20.16 249.6
20.17 1.6
20.18 249.6
20.19 4.8
20.2 208
20.21 8
20.22 166.4
20.23 249.6
20.24 6.4
20.25 249.6
20.26 8
20.27 249.6
20.28 9.6
20.29 249.6
20.3 249.6
20.31 249.6
20.32 249.6
20.33 249.6
20.34 249.6
20.35 249.6
20.36 249.6
20.37 249.6
20.38 249.6
20.39 249.6
20.4 249.6
20.41 249.6
20.42 249.6
20.43 249.6
20.44 249.6
20.45 249.6
20.46 249.6
20.47 249.6
20.48 1.6
20.49 0
20.5 3.2
20.51 0
20.52 6.4
20.53 0
20.54 124.8
20.55 8
20.56 83.2
20.57 249.6
20.58 3.2
20.59 249.6
20.6 4.8
20.61 249.6
20.62 8
20.63 208
20.64 249.6
20.65 8
20.66 249.6
20.67 9.6
20.68 249.6
20.69 249.6
20.7 249.6
20.71 249.6
20.72 249.6
20.73 249.6
20.74 249.6
20.75 249.6
20.76 249.6
20.77 249.6
20.78 249.6
20.79 249.6
20.8 249.6
20.81 249.6
20.82 249.6
20.83 249.6
20.84 249.6
20.85 249.6
20.86 8
20.87 0
20.88 41.6
20.89 1.6
20.9 0
20.91 6.4
20.92 0
20.93 208
20.94 4.8
20.95 166.4
20.96 8
20.97 124.8
20.98 249.6
20.99 4.8
21 249.6
21.01 6.4
21.02 249.6
21.03 8
21.04 249.6
21.05 249.6
21.06 9.6
21.07 249.6
21.08 249.6
21.09 249.6
21.1 249.6
21.11 249.6
21.12 249.6
21.13 249.6
21.14 249.6
21.15 249.6
21.16 249.6
21.17 249.6
21.18 249.6
21.19 249.6
21.2 249.6
21.21 249.6
21.22 249.6
21.23 249.6
21.24 249.6
21.25 4.8
21.26 0
21.27 3.2
21.28 0
21.29 83.2
21.3 3.2
21.31 41.6
21.32 249.6
21.33 1.6
21.34 249.6
21.35 4.8
21.36 208
21.37 8
21.38 166.4
21.39 249.6
21.4 6.4
21.41 249.6
21.42 8
21.43 249.6
21.44 9.6
21.45 249.6
21.46 249.6
21.47 249.6
21.48 249.6
21.49 249.6
21.5 249.6
21.51 249.6
21.52 249.6
21.53 249.6
21.54 249.6
21.55 249.6
21.56 249.6
21.57 249.6
21.58 249.6
21.59 249.6
21.6 249.6
21.61 249.6
21.62 249.6
21.63 249.6
21.64 1.6
21.65 0
21.66 3.2
21.67 0
21.68 6.4
21.69 0
21.7 124.8
21.71 8
21.72 83.2
21.73 249.6
21.74 3.2
21.75 249.6
21.76 4.8
21.77 249.6
21.78 8
21.79 208
21.8 249.6
21.81 8
21.82 249.6
21.83 9.6
21.84 9.6
21.85 9.6
21.86 9.6
21.87 9.6
21.88 249.6
21.89 249.6
21.9 249.6
21.91 249.6
21.92 249.6
21.93 249.6
21.94 249.6
21.95 249.6
21.96 249.6
21.97 249.6
21.98 249.6
21.99 249.6
22 249.6
22.01 249.6
22.02 8
22.03 0
22.04 41.6
22.05 1.6
22.06 0
22.07 6.4
22.08 0
22.09 208
22.1 4.8
22.11 166.4
22.12 8
22.13 124.8
22.14 9.6
22.15 3.2
22.16 249.6
22.17 6.4
22.18 249.6
22.19 9.6
22.2 208
22.21 249.6
22.22 9.6
22.23 249.6
22.24 249.6
22.25 249.6
22.26 249.6
22.27 249.6
22.28 249.6
22.29 249.6
22.3 249.6
22.31 249.6
22.32 249.6
22.33 249.6
22.34 249.6
22.35 249.6
22.36 249.6
22.37 11.2
22.38 9.6
22.39 9.6
22.4 9.6
22.41 4.8
22.42 0
22.43 3.2
22.44 0
22.45 41.6
22.46 4.8
22.47 0
22.48 249.6
22.49 3.2
22.5 208
22.51 6.4
22.52 166.4
22.53 9.6
22.54 124.8
22.55 249.6
22.56 6.4
22.57 249.6
22.58 8
22.59 249.6
22.6 9.6
22.61 249.6
22.62 249.6
22.63 249.6
22.64 249.6
22.65 249.6
22.66 249.6
22.67 249.6
22.68 249.6
22.69 249.6
22.7 249.6
22.71 249.6
22.72 249.6
22.73 249.6
22.74 249.6
22.75 249.6
22.76 249.6
22.77 249.6
22.78 249.6
22.79 249.6
22.8 3.2
22.81 0
22.82 3.2
22.83 0
22.84 124.8
22.85 1.6
22.86 83.2
22.87 9.6
22.88 41.6
22.89 249.6
22.9 3.2
22.91 249.6
22.92 6.4
22.93 208
22.94 9.6
22.95 166.4
22.96 249.6
22.97 8
22.98 249.6
22.99 9.6
23 249.6
23.01 249.6
23.02 249.6
23.03 249.6
23.04 249.6
23.05 249.6
23.06 249.6
23.07 249.6
23.08 249.6
23.09 249.6
23.1 249.6
23.11 249.6
23.12 249.6
23.13 249.6
23.14 249.6
23.15 249.6
23.16 249.6
23.17 249.6
23.18 9.6
23.19 0
23.2 0
23.21 3.2
23.22 0
23.23 6.4
23.24 0
23.25 166.4
23.26 6.4
23.27 124.8
23.28 9.6
23.29 83.2
23.3 249.6
23.31 4.8
23.32 249.6
23.33 6.4
23.34 249.6
23.35 9.6
23.36 208
23.37 249.6
23.38 9.6
23.39 249.6
23.4 249.6
23.41 249.6
23.42 249.6
23.43 249.6
23.44 249.6
23.45 249.6
23.46 249.6
23.47 249.6
23.48 249.6
23.49 249.6
23.5 249.6
23.51 249.6
23.52 249.6
23.53 249.6
23.54 249.6
23.55 249.6
23.56 249.6
23.57 6.4
23.58 0
23.59 3.2
23.6 0
23.61 41.6
23.62 4.8
23.63 0
23.64 249.6
23.65 3.2
23.66 208
23.67 6.4
23.68 166.4
23.69 9.6
23.7 124.8
23.71 249.6
23.72 6.4
23.73 249.6
23.74 8
23.75 249.6
23.76 9.6
23.77 249.6
23.78 249.6
23.79 249.6
23.8 249.6
23.81 249.6
23.82 249.6
23.83 249.6
23.84 249.6
23.85 249.6
23.86 249.6
23.87 249.6
23.88 249.6
23.89 249.6
23.9 249.6
23.91 249.6
23.92 249.6
23.93 249.6
23.94 249.6
23.95 249.6
23.96 3.2
23.97 0
23.98 3.2
23.99 0
24 124.8
24.01 1.6
24.02 83.2
24.03 9.6
24.04 41.6
24.05 249.6
24.06 3.2
24.07 249.6
24.08 6.4
24.09 208
24.1 9.6
24.11 166.4
24.12 249.6
24.13 8
24.14 249.6
24.15 9.6
24.16 249.6
24.17 249.6
24.18 249.6
24.19 249.6
24.2 249.6
24.21 249.6
24.22 249.6
24.23 249.6
24.24 249.6
24.25 249.6
24.26 249.6
24.27 249.6
24.28 249.6
24.29 249.6
24.3 249.6
24.31 249.6
24.32 249.6
24.33 249.6
24.34 9.6
24.35 0
24.36 0
24.37 3.2
24.38 0
24.39 6.4
24.4 0
24.41 166.4
24.42 6.4
24.43 124.8
24.44 9.6
24.45 83.2
24.46 249.6
24.47 4.8
24.48 249.6
24.49 6.4
24.5 249.6
24.51 9.6
24.52 208
24.53 9.6
24.54 8
24.55 249.6
24.56 249.6
24.57 11.2
24.58 9.6
24.59 9.6
24.6 9.6
24.61 9.6
24.62 249.6
24.63 249.6
24.64 249.6
24.65 249.6
24.66 249.6
24.67 249.6
24.68 249.6
24.69 249.6
24.7 249.6
24.71 249.6
24.72 249.6
24.73 6.4
24.74 0
24.75 3.2
24.76 0
24.77 41.6
24.78 4.8
24.79 0
24.8 249.6
24.81 3.2
24.82 208
24.83 6.4
24.84 124.8
24.85 249.6
24.86 4.8
24.87 249.6
24.88 6.4
24.89 249.6
24.9 8
24.91 249.6
24.92 249.6
24.93 9.6
24.94 249.6
24.95 249.6
24.96 249.6
24.97 249.6
24.98 249.6
24.99 249.6
25 249.6
25.01 249.6
25.02 249.6
25.03 249.6
25.04 249.6
25.05 249.6
25.06 249.6
25.07 249.6
25.08 249.6
25.09 249.6
25.1 249.6
25.11 11.2
25.12 3.2
25.13 0
25.14 3.2
25.15 0
25.16 83.2
25.17 3.2
25.18 41.6
25.19 249.6
25.2 1.6
25.21 249.6
25.22 4.8
25.23 208
25.24 8
25.25 166.4
25.26 249.6
25.27 6.4
25.28 249.6
25.29 8
25.3 249.6
25.31 9.6
25.32 249.6
25.33 249.6
25.34 249.6
25.35 249.6
25.36 249.6
25.37 249.6
25.38 249.6
25.39 249.6
25.4 249.6
25.41 249.6
25.42 249.6
25.43 249.6
25.44 249.6
25.45 249.6
25.46 249.6
25.47 249.6
25.48 249.6
25.49 249.6
25.5 249.6
25.51 1.6
25.52 0
25.53 3.2
25.54 0
25.55 6.4
25.56 0
25.57 124.8
25.58 8
25.59 83.2
25.6 249.6
25.61 3.2
25.62 249.6
25.63 4.8
25.64 249.6
25.65 8
25.66 208
25.67 249.6
25.68 8
25.69 249.6
25.7 9.6
25.71 249.6
25.72 249.6
25.73 249.6
25.74 249.6
25.75 249.6
25.76 249.6
25.77 249.6
25.78 249.6
25.79 249.6
25.8 249.6
25.81 249.6
25.82 249.6
25.83 249.6
25.84 249.6
25.85 249.6
25.86 249.6
25.87 249.6
25.88 249.6
25.89 8
25.9 0
25.91 41.6
25.92 1.6
25.93 0
25.94 6.4
25.95 0
25.96 208
25.97 4.8
25.98 166.4
25.99 8
26 124.8
26.01 249.6
26.02 4.8
26.03 249.6
26.04 6.4
26.05 249.6
26.06 8
26.07 249.6
26.08 249.6
26.09 9.6
26.1 249.6
26.11 249.6
26.12 249.6
26.13 249.6
26.14 249.6
26.15 249.6
26.16 249.6
26.17 249.6
26.18 249.6
26.19 249.6
26.2 249.6
26.21 249.6
26.22 249.6
26.23 249.6
26.24 249.6
26.25 249.6
26.26 249.6
26.27 249.6
26.28 4.8
26.29 0
26.3 3.2
26.31 0
26.32 83.2
26.33 3.2
26.34 41.6
26.35 249.6
26.36 1.6
26.37 249.6
26.38 4.8
26.39 208
26.4 8
26.41 166.4
26.42 249.6
26.43 6.4
26.44 249.6
26.45 8
26.46 249.6
26.47 9.6
26.48 249.6
26.49 249.6
26.5 249.6
26.51 249.6
26.52 249.6
26.53 249.6
26.54 249.6
26.55 249.6
26.56 249.6
26.57 249.6
26.58 249.6
26.59 249.6
26.6 249.6
26.61 249.6
26.62 249.6
26.63 249.6
26.64 249.6
26.65 249.6
26.66 249.6
26.67 1.6
26.68 0
26.69 3.2
26.7 0
26.71 6.4
26.72 0
26.73 124.8
26.74 8
26.75 83.2
26.76 249.6
26.77 3.2
26.78 249.6
26.79 4.8
26.8 249.6
26.81 8
26.82 208
26.83 249.6
26.84 8
26.85 249.6
26.86 9.6
26.87 249.6
26.88 249.6
26.89 249.6
26.9 249.6
26.91 249.6
26.92 249.6
26.93 249.6
26.94 249.6
26.95 249.6
26.96 249.6
26.97 249.6
26.98 249.6
26.99 249.6
27 249.6
27.01 249.6
27.02 249.6
27.03 249.6
27.04 249.6
27.05 8
27.06 0
27.07 41.6
27.08 1.6
27.09 0
27.1 6.4
27.11 0
27.12 208
27.13 4.8
27.14 166.4
27.15 8
27.16 124.8
27.17 249.6
27.18 4.8
27.19 249.6
27.2 6.4
27.21 9.6
27.22 8
27.23 208
27.24 249.6
27.25 9.6
27.26 249.6
27.27 249.6
27.28 249.6
27.29 249.6
27.3 249.6
27.31 11.2
27.32 9.6
27.33 9.6
27.34 9.6
27.35 9.6
27.36 249.6
27.37 249.6
27.38 249.6
27.39 249.6
27.4 249.6
27.41 249.6
27.42 249.6
27.43 249.6
27.44 4.8
27.45 0
27.46 3.2
27.47 0
27.48 83.2
27.49 3.2
27.5 41.6
27.51 9.6
27.52 1.6
27.53 208
27.54 6.4
27.55 166.4
27.56 9.6
27.57 124.8
27.58 249.6
27.59 6.4
27.6 249.6
27.61 8
27.62 249.6
27.63 9.6
27.64 249.6
27.65 249.6
27.66 249.6
27.67 249.6
27.68 249.6
27.69 249.6
27.7 249.6
27.71 249.6
27.72 249.6
27.73 249.6
27.74 249.6
27.75 249.6
27.76 249.6
27.77 249.6
27.78 249.6
27.79 249.6
27.8 249.6
27.81 249.6
27.82 249.6
27.83 3.2
27.84 0
27.85 3.2
27.86 0
27.87 124.8
27.88 1.6
27.89 83.2
27.9 9.6
27.91 41.6
27.92 249.6
27.93 3.2
27.94 249.6
27.95 6.4
27.96 208
27.97 9.6
27.98 166.4
27.99 249.6
28 8
28.01 249.6
28.02 9.6
28.03 249.6
28.04 249.6
28.05 249.6
28.06 249.6
28.07 249.6
28.08 249.6
28.09 249.6
28.1 249.6
28.11 249.6
28.12 249.6
28.13 249.6
28.14 249.6
28.15 249.6
28.16 249.6
28.17 249.6
28.18 249.6
28.19 249.6
28.2 249.6
28.21 9.6
28.22 0
28.23 0
28.24 3.2
28.25 0
28.26 6.4
28.27 0
28.28 166.4
28.29 6.4
28.3 124.8
28.31 9.6
28.32 83.2
28.33 249.6
28.34 4.8
28.35 249.6
28.36 6.4
28.37 249.6
28.38 9.6
28.39 208
28.4 249.6
28.41 9.6
28.42 249.6
28.43 249.6
28.44 249.6
28.45 249.6
28.46 249.6
28.47 249.6
28.48 249.6
28.49 249.6
28.5 249.6
28.51 249.6
28.52 249.6
28.53 249.6
28.54 249.6
28.55 249.6
28.56 249.6
28.57 249.6
28.58 249.6
28.59 249.6
28.6 6.4
28.61 0
28.62 3.2
28.63 0
28.64 41.6
28.65 4.8
28.66 0
28.67 249.6
28.68 3.2
28.69 208
28.7 6.4
28.71 166.4
28.72 9.6
28.73 124.8
28.74 249.6
28.75 6.4
28.76 249.6
28.77 8
28.78 249.6
28.79 9.6
28.8 249.6
28.81 249.6
28.82 249.6
28.83 249.6
28.84 249.6
28.85 249.6
28.86 249.6
28.87 249.6
28.88 249.6
28.89 249.6
28.9 249.6
28.91 249.6
28.92 249.6
28.93 249.6
28.94 249.6
28.95 249.6
28.96 249.6
28.97 249.6
28.98 249.6
28.99 3.2
29 0
29.01 3.2
29.02 0
29.03 124.8
29.04 1.6
29.05 83.2
29.06 9.6
29.07 41.6
29.08 249.6
29.09 3.2
29.1 249.6
29.11 6.4
29.12 208
29.13 9.6
29.14 166.4
29.15 249.6
29.16 8
29.17 249.6
29.18 9.6
29.19 249.6
29.2 249.6
29.21 249.6
29.22 249.6
29.23 249.6
29.24 249.6
29.25 249.6
29.26 249.6
29.27 249.6
29.28 249.6
29.29 249.6
29.3 249.6
29.31 249.6
29.32 249.6
29.33 249.6
29.34 249.6
29.35 249.6
29.36 249.6
29.37 9.6
29.38 0
29.39 0
29.4 3.2
29.41 0
29.42 6.4
29.43 0
29.44 166.4
29.45 6.4
29.46 124.8
29.47 9.6
29.48 83.2
29.49 249.6
29.5 4.8
29.51 249.6
29.52 6.4
29.53 249.6
29.54 9.6
29.55 208
29.56 249.6
29.57 9.6
29.58 249.6
29.59 249.6
29.6 249.6
29.61 249.6
29.62 249.6
29.63 249.6
29.64 249.6
29.65 249.6
29.66 249.6
29.67 249.6
29.68 249.6
29.69 249.6
29.7 249.6
29.71 249.6
29.72 249.6
29.73 249.6
29.74 249.6
29.75 249.6
29.76 6.4
29.77 0
29.78 3.2
29.79 0
29.8 41.6
29.81 4.8
29.82 0
29.83 249.6
29.84 3.2
29.85 208
29.86 6.4
29.87 166.4
29.88 9.6
29.89 124.8
29.9 9.6
29.91 4.8
29.92 249.6
29.93 8
29.94 249.6
29.95 249.6
29.96 9.6
29.97 249.6
29.98 249.6
29.99 249.6
30 249.6
30.01 249.6
30.02 249.6
30.03 249.6
30.04 249.6
30.05 11.2
30.06 9.6
30.07 9.6
30.08 9.6
30.09 9.6
30.1 249.6
30.11 249.6
30.12 249.6
30.13 249.6
30.14 249.6
30.15 3.2
30.16 0
30.17 3.2
30.18 0
30.19 124.8
30.2 1.6
30.21 41.6
30.22 249.6
30.23 1.6
30.24 249.6
30.25 4.8
30.26 208
30.27 8
30.28 166.4
30.29 249.6
30.3 6.4
30.31 249.6
30.32 8
30.33 249.6
30.34 9.6
30.35 249.6
30.36 249.6
30.37 249.6
30.38 249.6
30.39 249.6
30.4 249.6
30.41 249.6
30.42 249.6
30.43 249.6
30.44 249.6
30.45 249.6
30.46 249.6
30.47 249.6
30.48 249.6
30.49 249.6
30.5 249.6
30.51 249.6
30.52 249.6
30.53 249.6
30.54 1.6
30.55 0
30.56 3.2
30.57 0
30.58 6.4
30.59 0
30.6 124.8
30.61 8
30.62 83.2
30.63 249.6
30.64 3.2
30.65 249.6
30.66 4.8
30.67 249.6
30.68 8
30.69 208
30.7 249.6
30.71 8
30.72 249.6
30.73 9.6
30.74 249.6
30.75 249.6
30.76 249.6
30.77 249.6
30.78 249.6
30.79 249.6
30.8 249.6
30.81 249.6
30.82 249.6
30.83 249.6
30.84 249.6
30.85 249.6
30.86 249.6
30.87 249.6
30.88 249.6
30.89 249.6
30.9 249.6
30.91 249.6
30.92 8
30.93 0
30.94 41.6
30.95 1.6
30.96 0
30.97 6.4
30.98 0
30.99 208
31 4.8
31.01 166.4
31.02 8
31.03 124.8
31.04 249.6
31.05 4.8
31.06 249.6
31.07 6.4
31.08 249.6
31.09 8
31.1 249.6
31.11 249.6
31.12 9.6
31.13 249.6
31.14 249.6
31.15 249.6
31.16 249.6
31.17 249.6
31.18 249.6
31.19 249.6
31.2 249.6
31.21 249.6
31.22 249.6
31.23 249.6
31.24 249.6
31.25 249.6
31.26 249.6
31.27 249.6
31.28 249.6
31.29 249.6
31.3 249.6
31.31 4.8
31.32 0
31.33 3.2
31.34 0
31.35 83.2
31.36 3.2
31.37 41.6
31.38 249.6
31.39 1.6
31.4 249.6
31.41 4.8
31.42 208
31.43 8
31.44 166.4
31.45 249.6
31.46 6.4
31.47 249.6
31.48 8
31.49 249.6
31.5 9.6
31.51 249.6
31.52 249.6
31.53 249.6
31.54 249.6
31.55 249.6
31.56 249.6
31.57 249.6
31.58 249.6
31.59 249.6
31.6 249.6
31.61 249.6
31.62 249.6
31.63 249.6
31.64 249.6
31.65 249.6
31.66 249.6
31.67 249.6
31.68 249.6
31.69 249.6
31.7 1.6
31.71 0
31.72 3.2
31.73 0
31.74 6.4
31.75 0
31.76 124.8
31.77 8
31.78 83.2
31.79 249.6
31.8 3.2
31.81 249.6
31.82 4.8
31.83 249.6
31.84 8
31.85 208
31.86 249.6
31.87 8
31.88 249.6
31.89 9.6
31.9 249.6
31.91 249.6
31.92 249.6
31.93 249.6
31.94 249.6
31.95 249.6
31.96 249.6
31.97 249.6
31.98 249.6
31.99 249.6
32 249.6
32.01 249.6
32.02 249.6
32.03 249.6
32.04 249.6
32.05 249.6
32.06 249.6
32.07 249.6
32.08 8
32.09 0
32.1 41.6
32.11 1.6
32.12 0
32.13 6.4
32.14 0
32.15 208
32.16 4.8
32.17 166.4
32.18 8
32.19 124.8
32.2 249.6
32.21 4.8
32.22 249.6
32.23 6.4
32.24 249.6
32.25 8
32.26 249.6
32.27 249.6
32.28 9.6
32.29 9.6
32.3 249.6
32.31 249.6
32.32 249.6
32.33 249.6
32.34 249.6
32.35 249.6
32.36 249.6
32.37 249.6
32.38 249.6
32.39 249.6
32.4 249.6
32.41 249.6
32.42 249.6
32.43 249.6
32.44 249.6
32.45 249.6
32.46 249.6
32.47 4.8
32.48 0
32.49 3.2
32.5 0
32.51 83.2
32.52 3.2
32.53 41.6
32.54 249.6
32.55 1.6
32.56 249.6
32.57 4.8
32.58 208
32.59 8
32.6 124.8
32.61 11.2
32.62 4.8
32.63 249.6
32.64 8
32.65 249.6
32.66 9.6
32.67 249.6
32.68 249.6
32.69 249.6
32.7 249.6
32.71 249.6
32.72 249.6
32.73 249.6
32.74 249.6
32.75 249.6
32.76 249.6
32.77 249.6
32.78 249.6
32.79 11.2
32.8 9.6
32.81 9.6
32.82 9.6
32.83 9.6
32.84 249.6
32.85 249.6
32.86 1.6
32.87 0
32.88 3.2
32.89 0
32.9 124.8
32.91 1.6
32.92 83.2
32.93 9.6
32.94 41.6
32.95 249.6
32.96 3.2
32.97 249.6
32.98 6.4
32.99 208
33 9.6
33.01 166.4
33.02 249.6
33.03 8
33.04 249.6
33.05 9.6
33.06 249.6
33.07 249.6
33.08 249.6
33.09 249.6
33.1 249.6
33.11 249.6
33.12 249.6
33.13 249.6
33.14 249.6
33.15 249.6
33.16 249.6
33.17 249.6
33.18 249.6
33.19 249.6
33.2 249.6
33.21 249.6
33.22 249.6
33.23 249.6
33.24 9.6
33.25 0
33.26 0
33.27 3.2
33.28 0
33.29 6.4
33.3 0
33.31 166.4
33.32 6.4
33.33 124.8
33.34 9.6
33.35 83.2
33.36 249.6
33.37 4.8
33.38 249.6
33.39 6.4
33.4 249.6
33.41 9.6
33.42 208
33.43 249.6
33.44 9.6
33.45 249.6
33.46 249.6
33.47 249.6
33.48 249.6
33.49 249.6
33.5 249.6
33.51 249.6
33.52 249.6
33.53 249.6
33.54 249.6
33.55 249.6
33.56 249.6
33.57 249.6
33.58 249.6
33.59 249.6
33.6 249.6
33.61 249.6
33.62 249.6
33.63 6.4
33.64 0
33.65 3.2
33.66 0
33.67 41.6
33.68 4.8
33.69 0
33.7 249.6
33.71 3.2
33.72 208
33.73 6.4
33.74 166.4
33.75 9.6
33.76 124.8
33.77 249.6
33.78 6.4
33.79 249.6
33.8 8
33.81 249.6
33.82 9.6
33.83 249.6
33.84 249.6
33.85 249.6
33.86 249.6
33.87 249.6
33.88 249.6
33.89 249.6
33.9 249.6
33.91 249.6
33.92 249.6
33.93 249.6
33.94 249.6
33.95 249.6
33.96 249.6
33.97 249.6
33.98 249.6
33.99 249.6
34 249.6
34.01 249.6
34.02 3.2
34.03 0
34.04 3.2
34.05 0
34.06 124.8
34.07 1.6
34.08 83.2
34.09 9.6
34.1 41.6
34.11 249.6
34.12 3.2
34.13 249.6
34.14 6.4
34.15 208
34.16 9.6
34.17 166.4
34.18 249.6
34.19 8
34.2 249.6
34.21 9.6
34.22 249.6
34.23 249.6
34.24 249.6
34.25 249.6
34.26 249.6
34.27 249.6
34.28 249.6
34.29 249.6
34.3 249.6
34.31 249.6
34.32 249.6
34.33 249.6
34.34 249.6
34.35 249.6
34.36 249.6
34.37 249.6
34.38 249.6
34.39 249.6
34.4 9.6
34.41 0
34.42 0
34.43 3.2
34.44 0
34.45 6.4
34.46 0
34.47 166.4
34.48 6.4
34.49 124.8
34.5 9.6
34.51 83.2
34.52 249.6
34.53 4.8
34.54 249.6
34.55 6.4
34.56 249.6
34.57 9.6
34.58 208
34.59 249.6
34.6 9.6
34.61 249.6
34.62 249.6
34.63 249.6
34.64 249.6
34.65 249.6
34.66 249.6
34.67 249.6
34.68 249.6
34.69 249.6
34.7 249.6
34.71 249.6
34.72 249.6
34.73 249.6
34.74 249.6
34.75 249.6
34.76 249.6
34.77 249.6
34.78 249.6
34.79 6.4
34.8 0
34.81 3.2
34.82 0
34.83 41.6
34.84 4.8
34.85 0
34.86 249.6
34.87 3.2
34.88 208
34.89 6.4
34.9 166.4
34.91 9.6
34.92 124.8
34.93 249.6
34.94 6.4
34.95 249.6
34.96 8
34.97 9.6
34.98 9.6
34.99 249.6
35 9.6
35.01 9.6
35.02 9.6
35.03 9.6
35.04 249.6
35.05 249.6
35.06 249.6
35.07 249.6
35.08 249.6
35.09 249.6
35.1 249.6
35.11 249.6
35.12 249.6
35.13 249.6
35.14 249.6
35.15 249.6
35.16 249.6
35.17 249.6
35.18 3.2
35.19 0
35.2 3.2
35.21 0
35.22 124.8
35.23 1.6
35.24 83.2
35.25 9.6
35.26 41.6
35.27 9.6
35.28 3.2
35.29 249.6
35.3 6.4
35.31 166.4
35.32 249.6
35.33 6.4
35.34 249.6
35.35 8
35.36 249.6
35.37 9.6
35.38 249.6
35.39 249.6
35.4 249.6
35.41 249.6
35.42 249.6
35.43 249.6
35.44 249.6
35.45 249.6
35.46 249.6
35.47 249.6
35.48 249.6
35.49 249.6
35.5 249.6
35.51 249.6
35.52 249.6
35.53 11.2
35.54 9.6
35.55 9.6
35.56 9.6
35.57 0
35.58 0
35.59 3.2
35.6 0
35.61 6.4
35.62 0
35.63 124.8
35.64 8
35.65 83.2
35.66 249.6
35.67 3.2
35.68 249.6
35.69 4.8
35.7 249.6
35.71 8
35.72 208
35.73 249.6
35.74 8
35.75 249.6
35.76 9.6
35.77 249.6
35.78 249.6
35.79 249.6
35.8 249.6
35.81 249.6
35.82 249.6
35.83 249.6
35.84 249.6
35.85 249.6
35.86 249.6
35.87 249.6
35.88 249.6
35.89 249.6
35.9 249.6
35.91 249.6
35.92 249.6
35.93 249.6
35.94 249.6
35.95 8
35.96 0
35.97 41.6
35.98 1.6
35.99 0
36 6.4
36.01 0
36.02 208
36.03 4.8
36.04 166.4
36.05 8
36.06 124.8
36.07 249.6
36.08 4.8
36.09 249.6
36.1 6.4
36.11 249.6
36.12 8
36.13 249.6
36.14 249.6
36.15 9.6
36.16 249.6
36.17 249.6
36.18 249.6
36.19 249.6
36.2 249.6
36.21 249.6
36.22 249.6
36.23 249.6
36.24 249.6
36.25 249.6
36.26 249.6
36.27 249.6
36.28 249.6
36.29 249.6
36.3 249.6
36.31 249.6
36.32 249.6
36.33 249.6
36.34 4.8
36.35 0
36.36 3.2
36.37 0
36.38 83.2
36.39 3.2
36.4 41.6
36.41 249.6
36.42 1.6
36.43 249.6
36.44 4.8
36.45 208
36.46 8
36.47 166.4
36.48 249.6
36.49 6.4
36.5 249.6
36.51 8
36.52 249.6
36.53 9.6
36.54 249.6
36.55 249.6
36.56 249.6
36.57 249.6
36.58 249.6
36.59 249.6
36.6 249.6
36.61 249.6
36.62 249.6
36.63 249.6
36.64 249.6
36.65 249.6
36.66 249.6
36.67 249.6
36.68 249.6
36.69 249.6
36.7 249.6
36.71 249.6
36.72 249.6
36.73 1.6
36.74 0
36.75 3.2
36.76 0
36.77 6.4
36.78 0
36.79 124.8
36.8 8
36.81 83.2
36.82 249.6
36.83 3.2
36.84 249.6
36.85 4.8
36.86 249.6
36.87 8
36.88 208
36.89 249.6
36.9 8
36.91 249.6
36.92 9.6
36.93 249.6
36.94 249.6
36.95 249.6
36.96 249.6
36.97 249.6
36.98 249.6
36.99 249.6
37 249.6
37.01 249.6
37.02 249.6
37.03 249.6
37.04 249.6
37.05 249.6
37.06 249.6
37.07 249.6
37.08 249.6
37.09 249.6
37.1 249.6
37.11 8
37.12 0
37.13 41.6
37.14 1.6
37.15 0
37.16 6.4
37.17 0
37.18 208
37.19 4.8
37.2 166.4
37.21 8
37.22 124.8
37.23 249.6
37.24 4.8
37.25 249.6
37.26 6.4
37.27 249.6
37.28 8
37.29 249.6
37.3 249.6
37.31 9.6
37.32 249.6
37.33 249.6
37.34 249.6
37.35 249.6
37.36 249.6
37.37 249.6
37.38 249.6
37.39 249.6
37.4 249.6
37.41 249.6
37.42 249.6
37.43 249.6
37.44 249.6
37.45 249.6
37.46 249.6
37.47 249.6
37.48 249.6
37.49 249.6
37.5 4.8
37.51 0
37.52 3.2
37.53 0
37.54 83.2
37.55 3.2
37.56 41.6
37.57 249.6
37.58 1.6
37.59 249.6
37.6 4.8
37.61 208
37.62 8
37.63 166.4
37.64 249.6
37.65 6.4
37.66 249.6
37.67 8
37.68 9.6
37.69 8
37.7 249.6
37.71 249.6
37.72 249.6
37.73 11.2
37.74 9.6
37.75 9.6
37.76 9.6
37.77 9.6
37.78 249.6
37.79 249.6
37.8 249.6
37.81 249.6
37.82 249.6
37.83 249.6
37.84 249.6
37.85 249.6
37.86 249.6
37.87 249.6
37.88 249.6
37.89 1.6
37.9 0
37.91 3.2
37.92 0
37.93 6.4
37.94 0
37.95 124.8
37.96 8
37.97 83.2
37.98 9.6
37.99 1.6
38 249.6
38.01 6.4
38.02 208
38.03 9.6
38.04 166.4
38.05 249.6
38.06 8
38.07 249.6
38.08 9.6
38.09 249.6
38.1 249.6
38.11 249.6
38.12 249.6
38.13 249.6
38.14 249.6
38.15 249.6
38.16 249.6
38.17 249.6
38.18 249.6
38.19 249.6
38.2 249.6
38.21 249.6
38.22 249.6
38.23 249.6
38.24 249.6
38.25 249.6
38.26 249.6
38.27 9.6
38.28 0
38.29 0
38.3 3.2
38.31 0
38.32 6.4
38.33 0
38.34 166.4
38.35 6.4
38.36 124.8
38.37 9.6
38.38 83.2
38.39 249.6
38.4 4.8
38.41 249.6
38.42 6.4
38.43 249.6
38.44 9.6
38.45 208
38.46 249.6
38.47 9.6
38.48 249.6
38.49 249.6
38.5 249.6
38.51 249.6
38.52 249.6
38.53 249.6
38.54 249.6
38.55 249.6
38.56 249.6
38.57 249.6
38.58 249.6
38.59 249.6
38.6 249.6
38.61 249.6
38.62 249.6
38.63 249.6
38.64 249.6
38.65 249.6
38.66 6.4
38.67 0
38.68 3.2
38.69 0
38.7 41.6
38.71 4.8
38.72 0
38.73 249.6
38.74 3.2
38.75 208
38.76 6.4
38.77 166.4
38.78 9.6
38.79 124.8
38.8 249.6
38.81 6.4
38.82 249.6
38.83 8
38.84 249.6
38.85 9.6
38.86 249.6
38.87 249.6
38.88 249.6
38.89 249.6
38.9 249.6
38.91 249.6
38.92 249.6
38.93 249.6
38.94 249.6
38.95 249.6
38.96 249.6
38.97 249.6
38.98 249.6
38.99 249.6
39 249.6
39.01 249.6
39.02 249.6
39.03 249.6
39.04 249.6
39.05 3.2
39.06 0
39.07 3.2
39.08 0
39.09 124.8
39.1 1.6
39.11 83.2
39.12 9.6
39.13 41.6
39.14 249.6
39.15 3.2
39.16 249.6
39.17 6.4
39.18 208
39.19 9.6
39.2 166.4
39.21 249.6
39.22 8
39.23 249.6
39.24 9.6
39.25 249.6
39.26 249.6
39.27 249.6
39.28 249.6
39.29 249.6
39.3 249.6
39.31 249.6
39.32 249.6
39.33 249.6
39.34 249.6
39.35 249.6
39.36 249.6
39.37 249.6
39.38 249.6
39.39 249.6
39.4 249.6
39.41 249.6
39.42 249.6
39.43 9.6
39.44 0
39.45 0
39.46 3.2
39.47 0
39.48 6.4
39.49 0
39.5 166.4
39.51 6.4
39.52 124.8
39.53 9.6
39.54 83.2
39.55 249.6
39.56 4.8
39.57 249.6
39.58 6.4
39.59 249.6
39.6 9.6
39.61 208
39.62 249.6
39.63 9.6
39.64 249.6
39.65 249.6
39.66 249.6
39.67 249.6
39.68 249.6
39.69 249.6
39.7 249.6
39.71 249.6
39.72 249.6
39.73 249.6
39.74 249.6
39.75 249.6
39.76 249.6
39.77 249.6
39.78 249.6
39.79 249.6
39.8 249.6
39.81 249.6
39.82 6.4
39.83 0
39.84 3.2
39.85 0
39.86 41.6
39.87 4.8
39.88 0
39.89 249.6
39.9 3.2
39.91 208
39.92 6.4
39.93 166.4
39.94 9.6
39.95 124.8
39.96 249.6
39.97 6.4
39.98 249.6
39.99 8
40 249.6
40.01 9.6
40.02 249.6
40.03 249.6
40.04 249.6
40.05 249.6
40.06 249.6
40.07 249.6
40.08 249.6
40.09 249.6
40.1 249.6
40.11 249.6
40.12 249.6
40.13 249.6
40.14 249.6
40.15 249.6
40.16 249.6
40.17 249.6
40.18 249.6
40.19 249.6
40.2 249.6
40.21 3.2
40.22 0
40.23 3.2
40.24 0
40.25 124.8
40.26 1.6
40.27 83.2
40.28 9.6
40.29 41.6
40.3 249.6
40.31 3.2
40.32 249.6
40.33 6.4
40.34 208
40.35 9.6
40.36 166.4
40.37 9.6
40.38 6.4
40.39 249.6
40.4 9.6
40.41 249.6
40.42 249.6
40.43 249.6
40.44 249.6
40.45 249.6
40.46 249.6
40.47 11.2
40.48 9.6
40.49 9.6
40.5 9.6
40.51 9.6
40.52 249.6
40.53 249.6
40.54 249.6
40.55 249.6
40.56 249.6
40.57 249.6
40.58 249.6
40.59 9.6
40.6 0
40.61 0
40.62 3.2
40.63 0
40.64 6.4
40.65 0
40.66 166.4
40.67 6.4
40.68 83.2
40.69 249.6
40.7 3.2
40.71 249.6
40.72 4.8
40.73 249.6
40.74 8
40.75 208
40.76 249.6
40.77 8
40.78 249.6
40.79 9.6
40.8 249.6
40.81 249.6
40.82 249.6
40.83 249.6
40.84 249.6
40.85 249.6
40.86 249.6
40.87 249.6
40.88 249.6
40.89 249.6
40.9 249.6
40.91 249.6
40.92 249.6
40.93 249.6
40.94 249.6
40.95 249.6
40.96 249.6
40.97 249.6
40.98 8
40.99 0
41 41.6
41.01 1.6
41.02 0
41.03 6.4
41.04 0
41.05 208
41.06 4.8
41.07 166.4
41.08 8
41.09 124.8
41.1 249.6
41.11 4.8
41.12 249.6
41.13 6.4
41.14 249.6
41.15 8
41.16 249.6
41.17 249.6
41.18 9.6
41.19 249.6
41.2 249.6
41.21 249.6
41.22 249.6
41.23 249.6
41.24 249.6
41.25 249.6
41.26 249.6
41.27 249.6
41.28 249.6
41.29 249.6
41.3 249.6
41.31 249.6
41.32 249.6
41.33 249.6
41.34 249.6
41.35 249.6
41.36 249.6
41.37 4.8
41.38 0
41.39 3.2
41.4 0
41.41 83.2
41.42 3.2
41.43 41.6
41.44 249.6
41.45 1.6
41.46 249.6
41.47 4.8
41.48 208
41.49 8
41.5 166.4
41.51 249.6
41.52 6.4
41.53 249.6
41.54 8
41.55 249.6
41.56 9.6
41.57 249.6
41.58 249.6
41.59 249.6
41.6 249.6
41.61 249.6
41.62 249.6
41.63 249.6
41.64 249.6
41.65 249.6
41.66 249.6
41.67 249.6
41.68 249.6
41.69 249.6
41.7 249.6
41.71 249.6
41.72 249.6
41.73 249.6
41.74 249.6
41.75 249.6
41.76 1.6
41.77 0
41.78 3.2
41.79 0
41.8 6.4
41.81 0
41.82 124.8
41.83 8
41.84 83.2
41.85 249.6
41.86 3.2
41.87 249.6
41.88 4.8
41.89 249.6
41.9 8
41.91 208
41.92 249.6
41.93 8
41.94 249.6
41.95 9.6
41.96 249.6
41.97 249.6
41.98 249.6
41.99 249.6
42 249.6
42.01 249.6
42.02 249.6
42.03 249.6
42.04 249.6
42.05 249.6
42.06 249.6
42.07 249.6
42.08 249.6
42.09 249.6
42.1 249.6
42.11 249.6
42.12 249.6
42.13 249.6
42.14 8
42.15 0
42.16 41.6
42.17 1.6
42.18 0
42.19 6.4
42.2 0
42.21 208
42.22 4.8
42.23 166.4
42.24 8
42.25 124.8
42.26 249.6
42.27 4.8
42.28 249.6
42.29 6.4
42.3 249.6
42.31 8
42.32 249.6
42.33 249.6
42.34 9.6
42.35 249.6
42.36 249.6
42.37 249.6
42.38 249.6
42.39 249.6
42.4 249.6
42.41 249.6
42.42 249.6
42.43 249.6
42.44 249.6
42.45 249.6
42.46 249.6
42.47 249.6
42.48 249.6
42.49 249.6
42.5 249.6
42.51 249.6
42.52 249.6
42.53 4.8
42.54 0
42.55 3.2
42.56 0
42.57 83.2
42.58 3.2
42.59 41.6
42.6 249.6
42.61 1.6
42.62 249.6
42.63 4.8
42.64 208
42.65 8
42.66 166.4
42.67 249.6
42.68 6.4
42.69 249.6
42.7 8
42.71 249.6
42.72 9.6
42.73 249.6
42.74 249.6
42.75 249.6
42.76 249.6
42.77 249.6
42.78 249.6
42.79 249.6
42.8 249.6
42.81 249.6
42.82 249.6
42.83 249.6
42.84 249.6
42.85 249.6
42.86 249.6
42.87 249.6
42.88 249.6
42.89 249.6
42.9 249.6
42.91 249.6
42.92 1.6
42.93 0
42.94 3.2
42.95 0
42.96 6.4
42.97 0
42.98 124.8
42.99 8
43 83.2
43.01 249.6
43.02 3.2
43.03 249.6
43.04 4.8
43.05 249.6
43.06 8
43.07 166.4
43.08 249.6
43.09 8
43.1 249.6
43.11 9.6
43.12 249.6
43.13 249.6
43.14 249.6
43.15 249.6
43.16 249.6
43.17 249.6
43.18 249.6
43.19 249.6
43.2 249.6
43.21 249.6
43.22 11.2
43.23 9.6
43.24 9.6
43.25 9.6
43.26 9.6
43.27 249.6
43.28 249.6
43.29 249.6
43.3 8
43.31 0
43.32 41.6
43.33 1.6
43.34 0
43.35 6.4
43.36 0
43.37 166.4
43.38 6.4
43.39 124.8
43.4 9.6
43.41 83.2
43.42 249.6
43.43 4.8
43.44 249.6
43.45 6.4
43.46 249.6
43.47 9.6
43.48 208
43.49 249.6
43.5 9.6
43.51 249.6
43.52 249.6
43.53 249.6
43.54 249.6
43.55 249.6
43.56 249.6
43.57 249.6
43.58 249.6
43.59 249.6
43.6 249.6
43.61 249.6
43.62 249.6
43.63 249.6
43.64 249.6
43.65 249.6
43.66 249.6
43.67 249.6
43.68 249.6
43.69 6.4
43.7 0
43.71 3.2
43.72 0
43.73 41.6
43.74 4.8
43.75 0
43.76 249.6
43.77 3.2
43.78 208
43.79 6.4
43.8 166.4
43.81 9.6
43.82 124.8
43.83 249.6
43.84 6.4
43.85 249.6
43.86 8
43.87 249.6
43.88 9.6
43.89 249.6
43.9 249.6
43.91 249.6
43.92 249.6
43.93 249.6
43.94 249.6
43.95 249.6
43.96 249.6
43.97 249.6
43.98 249.6
43.99 249.6
44 249.6
44.01 249.6
44.02 249.6
44.03 249.6
44.04 249.6
44.05 249.6
44.06 249.6
44.07 249.6
44.08 3.2
44.09 0
44.1 3.2
44.11 0
44.12 124.8
44.13 1.6
44.14 83.2
44.15 9.6
44.16 41.6
44.17 249.6
44.18 3.2
44.19 249.6
44.2 6.4
44.21 208
44.22 9.6
44.23 166.4
44.24 249.6
44.25 8
44.26 249.6
44.27 9.6
44.28 249.6
44.29 249.6
44.3 249.6
44.31 249.6
44.32 249.6
44.33 249.6
44.34 249.6
44.35 249.6
44.36 249.6
44.37 249.6
44.38 249.6
44.39 249.6
44.4 249.6
44.41 249.6
44.42 249.6
44.43 249.6
44.44 249.6
44.45 249.6
44.46 9.6
44.47 0
44.48 0
44.49 3.2
44.5 0
44.51 6.4
44.52 0
44.53 166.4
44.54 6.4
44.55 124.8
44.56 9.6
44.57 83.2
44.58 249.6
44.59 4.8
44.6 249.6
44.61 6.4
44.62 249.6
44.63 9.6
44.64 208
44.65 249.6
44.66 9.6
44.67 249.6
44.68 249.6
44.69 249.6
44.7 249.6
44.71 249.6
44.72 249.6
44.73 249.6
44.74 249.6
44.75 249.6
44.76 249.6
44.77 249.6
44.78 249.6
44.79 249.6
44.8 249.6
44.81 249.6
44.82 249.6
44.83 249.6
44.84 249.6
44.85 6.4
44.86 0
44.87 3.2
44.88 0
44.89 41.6
44.9 4.8
44.91 0
44.92 249.6
44.93 3.2
44.94 208
44.95 6.4
44.96 166.4
44.97 9.6
44.98 124.8
44.99 249.6
45 6.4
45.01 249.6
45.02 8
45.03 249.6
45.04 9.6
45.05 249.6
45.06 249.6
45.07 249.6
45.08 249.6
45.09 249.6
45.1 249.6
45.11 249.6
45.12 249.6
45.13 249.6
45.14 249.6
45.15 249.6
45.16 249.6
45.17 249.6
45.18 249.6
45.19 249.6
45.2 249.6
45.21 249.6
45.22 249.6
45.23 249.6
45.24 3.2
45.25 0
45.26 3.2
45.27 0
45.28 124.8
45.29 1.6
45.3 83.2
45.31 9.6
45.32 41.6
45.33 249.6
45.34 3.2
45.35 249.6
45.36 6.4
45.37 208
45.38 9.6
45.39 166.4
45.4 249.6
45.41 8
45.42 249.6
45.43 9.6
45.44 9.6
45.45 9.6
45.46 9.6
45.47 249.6
45.48 249.6
45.49 249.6
45.5 249.6
45.51 249.6
45.52 249.6
45.53 249.6
45.54 249.6
45.55 249.6
45.56 249.6
45.57 249.6
45.58 249.6
45.59 249.6
45.6 249.6
45.61 249.6
45.62 9.6
45.63 0
45.64 0
45.65 3.2
45.66 0
45.67 6.4
45.68 0
45.69 166.4
45.7 6.4
45.71 124.8
45.72 9.6
45.73 83.2
45.74 9.6
45.75 3.2
45.76 249.6
45.77 8
45.78 208
45.79 249.6
45.8 8
45.81 249.6
45.82 9.6
45.83 249.6
45.84 249.6
45.85 249.6
45.86 249.6
45.87 249.6
45.88 249.6
45.89 249.6
45.9 249.6
45.91 249.6
45.92 249.6
45.93 249.6
45.94 249.6
45.95 249.6
45.96 11.2
45.97 9.6
45.98 9.6
45.99 9.6
46 9.6
46.01 6.4
46.02 0
46.03 3.2
46.04 0
46.05 0
46.06 6.4
46.07 0
46.08 208
46.09 4.8
46.1 166.4
46.11 8
46.12 124.8
46.13 249.6
46.14 4.8
46.15 249.6
46.16 6.4
46.17 249.6
46.18 8
46.19 249.6
46.2 249.6
46.21 9.6
46.22 249.6
46.23 249.6
46.24 249.6
46.25 249.6
46.26 249.6
46.27 249.6
46.28 249.6
46.29 249.6
46.3 249.6
46.31 249.6
46.32 249.6
46.33 249.6
46.34 249.6
46.35 249.6
46.36 249.6
46.37 249.6
46.38 249.6
46.39 249.6
46.4 4.8
46.41 0
46.42 3.2
46.43 0
46.44 83.2
46.45 3.2
46.46 41.6
46.47 249.6
46.48 1.6
46.49 249.6
46.5 4.8
46.51 208
46.52 8
46.53 166.4
46.54 249.6
46.55 6.4
46.56 249.6
46.57 8
46.58 249.6
46.59 9.6
46.6 249.6
46.61 249.6
46.62 249.6
46.63 249.6
46.64 249.6
46.65 249.6
46.66 249.6
46.67 249.6
46.68 249.6
46.69 249.6
46.7 249.6
46.71 249.6
46.72 249.6
46.73 249.6
46.74 249.6
46.75 249.6
46.76 249.6
46.77 249.6
46.78 249.6
46.79 1.6
46.8 0
46.81 3.2
46.82 0
46.83 6.4
46.84 0
46.85 124.8
46.86 8
46.87 83.2
46.88 249.6
46.89 3.2
46.9 249.6
46.91 4.8
46.92 249.6
46.93 8
46.94 208
46.95 249.6
46.96 8
46.97 249.6
46.98 9.6
46.99 249.6
47 249.6
47.01 249.6
47.02 249.6
47.03 249.6
47.04 249.6
47.05 249.6
47.06 249.6
47.07 249.6
47.08 249.6
47.09 249.6
47.1 249.6
47.11 249.6
47.12 249.6
47.13 249.6
47.14 249.6
47.15 249.6
47.16 249.6
47.17 8
47.18 0
47.19 41.6
47.2 1.6
47.21 0
47.22 6.4
47.23 0
47.24 208
47.25 4.8
47.26 166.4
47.27 8
47.28 124.8
47.29 249.6
47.3 4.8
47.31 249.6
47.32 6.4
47.33 249.6
47.34 8
47.35 249.6
47.36 249.6
47.37 9.6
47.38 249.6
47.39 249.6
47.4 249.6
47.41 249.6
47.42 249.6
47.43 249.6
47.44 249.6
47.45 249.6
47.46 249.6
47.47 249.6
47.48 249.6
47.49 249.6
47.5 249.6
47.51 249.6
47.52 249.6
47.53 249.6
47.54 249.6
47.55 249.6
47.56 4.8
47.57 0
47.58 3.2
47.59 0
47.6 83.2
47.61 3.2
47.62 41.6
47.63 249.6
47.64 1.6
47.65 249.6
47.66 4.8
47.67 208
47.68 8
47.69 166.4
47.7 249.6
47.71 6.4
47.72 249.6
47.73 8
47.74 249.6
47.75 9.6
47.76 249.6
47.77 249.6
47.78 249.6
47.79 249.6
47.8 249.6
47.81 249.6
47.82 249.6
47.83 249.6
47.84 249.6
47.85 249.6
47.86 249.6
47.87 249.6
47.88 249.6
47.89 249.6
47.9 249.6
47.91 249.6
47.92 249.6
47.93 249.6
47.94 249.6
47.95 1.6
47.96 0
47.97 3.2
47.98 0
47.99 6.4
48 0
48.01 124.8
48.02 8
48.03 83.2
48.04 249.6
48.05 3.2
48.06 249.6
48.07 4.8
48.08 249.6
48.09 8
48.1 208
48.11 249.6
48.12 8
48.13 9.6
48.14 8
48.15 249.6
48.16 11.2
48.17 9.6
48.18 9.6
48.19 9.6
48.2 9.6
48.21 249.6
48.22 249.6
48.23 249.6
48.24 249.6
48.25 249.6
48.26 249.6
48.27 249.6
48.28 249.6
48.29 249.6
48.3 249.6
48.31 249.6
48.32 249.6
48.33 8
48.34 0
48.35 41.6
48.36 1.6
48.37 0
48.38 6.4
48.39 0
48.4 208
48.41 4.8
48.42 166.4
48.43 8
48.44 83.2
48.45 249.6
48.46 4.8
48.47 249.6
48.48 6.4
48.49 249.6
48.5 9.6
48.51 208
48.52 249.6
48.53 9.6
48.54 249.6
48.55 249.6
48.56 249.6
48.57 249.6
48.58 249.6
48.59 249.6
48.6 249.6
48.61 249.6
48.62 249.6
48.63 249.6
48.64 249.6
48.65 249.6
48.66 249.6
48.67 249.6
48.68 249.6
48.69 249.6
48.7 11.2
48.71 9.6
48.72 4.8
48.73 0
48.74 3.2
48.75 0
48.76 41.6
48.77 4.8
48.78 0
48.79 249.6
48.8 3.2
48.81 208
48.82 6.4
48.83 166.4
48.84 9.6
48.85 124.8
48.86 249.6
48.87 6.4
48.88 249.6
48.89 8
48.9 249.6
48.91 9.6
48.92 249.6
48.93 249.6
48.94 249.6
48.95 249.6
48.96 249.6
48.97 249.6
48.98 249.6
48.99 249.6
49 249.6
49.01 249.6
49.02 249.6
49.03 249.6
49.04 249.6
49.05 249.6
49.06 249.6
49.07 249.6
49.08 249.6
49.09 249.6
49.1 249.6
49.11 3.2
49.12 0
49.13 3.2
49.14 0
49.15 124.8
49.16 1.6
49.17 83.2
49.18 9.6
49.19 41.6
49.2 249.6
49.21 3.2
49.22 249.6
49.23 6.4
49.24 208
49.25 9.6
49.26 166.4
49.27 249.6
49.28 8
49.29 249.6
49.3 9.6
49.31 249.6
49.32 249.6
49.33 249.6
49.34 249.6
49.35 249.6
49.36 249.6
49.37 249.6
49.38 249.6
49.39 249.6
49.4 249.6
49.41 249.6
49.42 249.6
49.43 249.6
49.44 249.6
49.45 249.6
49.46 249.6
49.47 249.6
49.48 249.6
49.49 9.6
49.5 0
49.51 0
49.52 3.2
49.53 0
49.54 6.4
49.55 0
49.56 166.4
49.57 6.4
49.58 124.8
49.59 9.6
49.6 83.2
49.61 249.6
49.62 4.8
49.63 249.6
49.64 6.4
49.65 249.6
49.66 9.6
49.67 208
49.68 249.6
49.69 9.6
49.7 249.6
49.71 249.6
49.72 249.6
49.73 249.6
49.74 249.6
49.75 249.6
49.76 249.6
49.77 249.6
49.78 249.6
49.79 249.6
49.8 249.6
49.81 249.6
49.82 249.6
49.83 249.6
49.84 249.6
49.85 249.6
49.86 249.6
49.87 249.6
49.88 6.4
49.89 0
49.9 3.2
49.91 0
49.92 41.6
49.93 4.8
49.94 0
49.95 249.6
49.96 3.2
49.97 208
49.98 6.4
49.99 166.4
