0 0
0.01 0
0.02 0
0.03 0
0.04 0
0.05 0
0.06 0
0.07 0
0.08 0
0.09 0
0.1 0
0.11 0
0.12 0
0.13 0
0.14 0
0.15 0
0.16 0
0.17 0
0.18 0
0.19 0
0.2 0
0.21 0
0.22 0
0.23 0
0.24 0
0.25 0
0.26 0
0.27 0
0.28 0
0.29 0
0.3 0
0.31 0
0.32 0
0.33 0
0.34 0
0.35 0
0.36 0
0.37 0
0.38 0
0.39 0
0.4 0
0.41 0
0.42 0
0.43 0
0.44 0
0.45 0
0.46 0
0.47 0
0.48 0
0.49 0
0.5 0
0.51 0
0.52 0
0.53 0
0.54 0
0.55 0
0.56 0
0.57 0
0.58 0
0.59 0
0.6 0
0.61 0
0.62 0
0.63 0
0.64 0
0.65 0
0.66 0
0.67 0
0.68 0
0.69 0
0.7 0
0.71 0
0.72 0
0.73 0
0.74 0
0.75 0
0.76 0
0.77 0
0.78 0
0.79 0
0.8 0
0.81 0
0.82 0
0.83 0
0.84 0
0.85 0
0.86 0
0.87 0
0.88 0
0.89 0
0.9 0
0.91 0
0.92 0
0.93 0
0.94 0
0.95 0
0.96 0
0.97 0
0.98 0
0.99 0
1 0
1.01 0
1.02 8
1.03 0
1.04 8
1.05 0
1.06 0
1.07 0
1.08 8
1.09 8
1.1 0
1.11 8.32
1.12 8
1.13 0
1.14 0
1.15 8.32
1.16 16
1.17 8
1.18 8.32
1.19 8.32
1.2 0.64
1.21 0
1.22 0
1.23 0.96
1.24 16.64
1.25 33.28
1.26 8
1.27 16.64
1.28 8
1.29 8
1.3 33.28
1.31 24
1.32 16.64
1.33 32
1.34 24.96
1.35 33.28
1.36 24
1.37 8.32
1.38 33.28
1.39 24.96
1.4 32
1.41 33.28
1.42 24
1.43 8
1.44 32
1.45 16
1.46 0.32
1.47 0.32
1.48 24
1.49 16
1.5 8
1.51 8.32
1.52 8
1.53 0
1.54 8
1.55 0
1.56 0
1.57 0
1.58 0
1.59 16
1.6 0
1.61 8
1.62 8
1.63 0
1.64 0
1.65 0
1.66 16.64
1.67 16
1.68 8
1.69 8
1.7 16
1.71 0
1.72 0
1.73 16
1.74 16.64
1.75 16
1.76 16.64
1.77 8
1.78 8.32
1.79 16
1.8 8.32
1.81 8.32
1.82 24.96
1.83 33.28
1.84 16.64
1.85 33.28
1.86 24.96
1.87 16
1.88 16
1.89 8.32
1.9 8.32
1.91 8.32
1.92 24.96
1.93 1.28
1.94 0.64
1.95 8.32
1.96 16
1.97 16.64
1.98 16.64
1.99 8
2 16.64
2.01 16.64
2.02 8.32
2.03 32
2.04 16.64
2.05 16.64
2.06 16.64
2.07 24.96
2.08 16
2.09 8
2.1 8
2.11 16.64
2.12 16.64
2.13 16
2.14 16
2.15 24.96
2.16 16
2.17 8
2.18 16
2.19 24.96
2.2 8
2.21 8
2.22 8
2.23 0
2.24 8
2.25 8
2.26 8
2.27 0
2.28 0
2.29 0
2.3 8
2.31 8
2.32 0
2.33 8
2.34 8
2.35 0
2.36 0
2.37 0
2.38 16
2.39 16
2.4 8
2.41 8
2.42 16
2.43 0
2.44 0
2.45 16
2.46 16
2.47 8
2.48 16
2.49 8
2.5 8
2.51 8
2.52 8.32
2.53 16
2.54 16
2.55 24
2.56 8
2.57 8
2.58 8
2.59 16.64
2.6 8
2.61 16
2.62 24
2.63 16
2.64 0.64
2.65 8
2.66 8
2.67 0.96
2.68 8
2.69 16
2.7 32
2.71 0
2.72 16.64
2.73 16
2.74 16
2.75 0.64
2.76 16
2.77 8
2.78 16
2.79 33.28
2.8 16.64
2.81 8
2.82 16
2.83 16
2.84 8.32
2.85 16
2.86 16
2.87 0.64
2.88 1.28
2.89 8
2.9 16
2.91 8.32
2.92 16.64
2.93 16
2.94 24
2.95 16.64
2.96 16
2.97 8
2.98 16
2.99 16.64
3 24.96
3.01 16
3.02 16
3.03 16.64
3.04 16.64
3.05 8
3.06 16
3.07 16
3.08 8.32
3.09 24
3.1 16
3.11 0.32
3.12 0.64
3.13 16
3.14 16
3.15 8.32
3.16 8
3.17 8
3.18 8
3.19 0
3.2 8.32
3.21 8
3.22 0
3.23 0
3.24 0
3.25 16
3.26 0
3.27 0
3.28 16
3.29 0
3.3 0
3.31 0
3.32 8.32
3.33 24
3.34 0
3.35 16
3.36 8
3.37 8
3.38 0
3.39 8.32
3.4 16
3.41 16
3.42 8
3.43 8.32
3.44 0.64
3.45 8
3.46 0
3.47 0.64
3.48 16.64
3.49 24
3.5 8
3.51 8
3.52 8
3.53 16
3.54 16
3.55 0
3.56 24.96
3.57 24
3.58 16
3.59 8
3.6 8
3.61 24
3.62 8
3.63 8.32
3.64 24.96
3.65 16
3.66 24
3.67 0.32
3.68 8.32
3.69 24
3.7 24
3.71 8
3.72 16
3.73 16
3.74 8
3.75 24
3.76 8.32
3.77 16
3.78 16
3.79 0.96
3.8 0.64
3.81 8
3.82 16
3.83 16.64
3.84 16.64
3.85 24
3.86 16
3.87 16
3.88 0
3.89 16
3.9 24
3.91 0.64
3.92 0.64
3.93 16
3.94 16
3.95 16
3.96 16.64
3.97 16
3.98 16
3.99 16
4 16
4.01 16
4.02 16
4.03 8
4.04 8
4.05 8
4.06 0
4.07 8
4.08 8
4.09 0
4.1 0
4.11 0
4.12 0
4.13 0
4.14 0
4.15 0
4.16 0
4.17 0
4.18 0
4.19 0
4.2 0
4.21 0
4.22 0
4.23 0
4.24 0
4.25 0
4.26 0
4.27 0
4.28 0
4.29 0
4.3 0
4.31 0
4.32 0
4.33 0
4.34 0
4.35 0
4.36 0
4.37 0
4.38 0
4.39 0
4.4 0
4.41 0
4.42 0
4.43 0
4.44 0
4.45 0
4.46 0
4.47 0
4.48 0
4.49 0
4.5 0
4.51 0
4.52 0
4.53 0
