0 0
0.01 0
0.02 0
0.03 0
0.04 0
0.05 0
0.06 0
0.07 0
0.08 0
0.09 0.32
0.1 0
0.11 0
0.12 0.32
0.13 0
0.14 0
0.15 0
0.16 0
0.17 8.32
0.18 8.32
0.19 0
0.2 0.32
0.21 0
0.22 0.056
0.23 0
0.24 0
0.25 1.68
0.26 8.32
0.27 1.68
0.28 0.056
0.29 8.32
0.3 8.32
0.31 1.68
0.32 16.64
0.33 0
0.34 8.32
0.35 3.36
0.36 0.32
0.37 1.68
0.38 8.32
0.39 1.68
0.4 0.64
0.41 1.68
0.42 1.68
0.43 0.64
0.44 1.68
0.45 0.32
0.46 0.32
0.47 8.32
0.48 3.36
0.49 0.32
0.5 8.32
0.51 0.056
0.52 0.056
0.53 0.64
0.54 1.68
0.55 8.32
0.56 8.32
0.57 8.32
0.58 3.36
0.59 0.32
0.6 1.68
0.61 0.64
0.62 1.68
0.63 8.32
0.64 0.32
0.65 8.32
0.66 0.64
0.67 1.68
0.68 8.32
0.69 8.32
0.7 0.32
0.71 0.056
0.72 0
0.73 1.68
0.74 1.68
0.75 0
0.76 8.32
0.77 0
0.78 1.68
0.79 1.68
0.8 0
0.81 8.32
0.82 0
0.83 1.68
0.84 8.32
0.85 0
0.86 1.68
0.87 8.32
0.88 0
0.89 8.32
0.9 0
0.91 0.056
0.92 0.056
0.93 0
0.94 1.68
0.95 0
0.96 0
0.97 1.68
0.98 0
0.99 0
1 0
1.01 0
1.02 0
1.03 0
1.04 0
1.05 0
1.06 0
1.07 0
1.08 0
1.09 0
1.1 0
1.11 0
1.12 0
1.13 0
1.14 0
1.15 0
1.16 0
1.17 0
1.18 0
1.19 0
1.2 0
1.21 0
1.22 0
1.23 0
1.24 0
1.25 0
1.26 0
1.27 0
1.28 0
1.29 0
1.3 0
1.31 0
1.32 0
1.33 0
1.34 0
1.35 0
1.36 8.32
1.37 0
1.38 0
1.39 0.32
1.4 0
1.41 0
1.42 0
1.43 0
1.44 0
1.45 0
1.46 0
1.47 0
1.48 0
1.49 8.32
1.5 0
1.51 8.32
1.52 0
1.53 0.32
1.54 0.32
1.55 0
1.56 0
1.57 8.32
1.58 8.32
1.59 0
1.6 0.32
1.61 0
1.62 0.32
1.63 0
1.64 0
1.65 8.32
1.66 8.32
1.67 8.32
1.68 8.32
1.69 0.32
1.7 0
1.71 0.32
1.72 8.32
1.73 0
1.74 8.32
1.75 0.64
1.76 0.32
1.77 8.32
1.78 0.32
1.79 0
1.8 0.64
1.81 0.32
1.82 8.32
1.83 8.32
1.84 0.64
1.85 0.32
1.86 8.32
1.87 0.32
1.88 8.32
1.89 0.64
1.9 0.056
1.91 0
1.92 0.32
1.93 0
