0.007102 7 6 0
0.010279 7 6 0
0.020389 12 12 0
0.044061 13 12 0
0.1 13 12 0
0.110625 13 13 0
0.12125 13 14 0
0.131875 13 15 0
0.1425 13 16 0
0.156481 15 17 0
0.16659 15 18 0
0.16875 15 18 0
0.185 15 19 0
0.195 15 20 0
0.2 16 21 0
0.205625 16 21 0
0.21125 17 23 0
0.213125 18 24 0
0.21625 19 25 0
0.219688 21 26 0
0.221875 23 28 0
0.22625 24 29 0
0.2325 25 30 0
0.239375 30 32 0
0.2425 31 33 0
0.245938 32 34 0
0.2525 33 36 0
0.25875 34 38 0
0.265625 36 42 0
0.26875 37 44 0
0.272188 38 45 0
0.275 39 46 0
0.27875 40 47 0
0.285 42 51 0
0.29 45 54 0
0.29125 46 55 0
0.295625 48 58 0
0.298438 49 59 0
0.30125 50 60 0
0.305 51 61 0
0.30625 52 63 0
0.311563 55 63 0
0.31625 57 65 0
0.3175 57 66 0
0.3225 59 70 0
0.324688 62 70 0
0.328125 63 71 0
0.33125 64 72 0
0.3325 65 73 0
0.337813 66 74 0
0.3425 69 76 0
0.344375 70 77 0
0.34875 71 78 0
0.350938 72 79 0
0.353125 73 80 0
0.3575 73 82 0
0.35875 74 84 0
0.36375 74 85 0
0.365 77 87 0
0.369375 77 88 0
0.370625 78 89 0
0.375 79 91 0
0.377188 80 92 0
0.38 81 93 0
0.38125 82 93 0
0.38375 83 94 0
0.385625 84 95 0
0.390313 84 97 0
0.39625 86 100 0
0.3975 89 102 0
0.399578 90 103 0
0.401875 90 103 0
0.403438 91 104 0
0.4075 92 106 0
0.41 92 107 0
0.4125 93 109 0
0.41375 94 109 0
0.416563 95 110 0
0.418125 96 111 0
0.423125 96 113 0
0.42875 98 116 0
0.429844 100 117 0
0.434375 101 119 0
0.43625 101 121 0
0.44 102 123 0
0.442813 103 124 0
0.445 104 125 0
0.44625 105 125 0
0.449375 106 126 0
0.450625 107 127 0
0.455938 107 129 0
0.46125 109 132 0
0.4625 110 132 0
0.466875 112 135 0
0.469063 112 137 0
0.4725 113 139 0
0.475625 114 140 0
0.4775 115 141 0
0.47875 116 141 0
0.482188 117 142 0
0.48875 119 145 0
0.49375 122 148 0
0.495 123 148 0
0.499375 125 151 0
0.501875 130 157 20
0.505 130 158 20
0.508438 131 159 20
0.51 131 159 20
0.51125 136 161 30
0.515 137 164 30
0.520219 138 166 30
0.52125 138 166 30
0.52625 140 169 30
0.5275 141 169 40
0.531875 142 171 40
0.533859 142 173 40
0.537609 143 174 40
0.54125 144 175 40
0.5425 144 175 40
0.54375 145 175 50
0.547813 146 176 50
0.553859 147 178 50
0.558859 149 180 50
0.560109 149 180 50
0.564484 150 182 50
0.5675 150 184 50
0.570109 150 185 50
0.574063 151 186 50
0.575109 151 186 50
0.576359 151 186 50
0.580625 152 187 50
0.586359 153 189 50
0.591359 155 191 50
0.592609 155 191 50
0.59375 156 192 50
0.596984 156 192 50
0.59999999999999998 156 194 50
0.602609 165 202 50
0.606875 166 203 50
0.608859 168 204 50
0.610109 168 206 50
0.613234 172 210 50
0.618859 174 214 50
0.62 177 216 50
0.623859 178 217 50
0.625109 178 217 50
0.626563 179 218 50
0.629484 180 219 50
0.631469 180 221 50
0.633125 181 221 50
0.635219 182 222 50
0.639688 183 223 50
0.641359 185 224 50
0.645844 185 225 50
0.651469 187 229 50
0.652813 189 230 50
0.656469 190 231 50
0.657719 190 231 50
0.659375 191 232 50
0.662094 192 233 50
0.665938 192 235 50
0.667719 193 237 50
0.6725 194 238 50
0.673969 196 239 50
0.678344 196 240 50
0.680219 198 243 50
0.683969 198 243 50
0.685625 199 244 50
0.688969 200 245 50
0.690219 200 245 50
0.692188 201 246 50
0.694594 202 247 50
0.69875 202 249 50
0.69999999999999996 203 251 50
0.705219 208 256 70
0.710109 211 258 70
0.711875 216 261 70
0.718438 219 264 70
0.720219 220 265 70
0.722719 220 265 70
0.725 221 265 70
0.729078 222 267 70
0.731563 223 267 70
0.738125 225 268 70
0.744688 227 269 70
0.75125 229 271 70
0.757813 230 272 70
0.764375 231 275 70
0.770938 233 277 70
0.7775 235 278 70
0.784063 237 280 70
0.790625 238 281 70
0.797188 239 284 70
0.80375 241 286 70
0.810313 243 287 70
0.816875 245 289 70
0.823438 246 290 70
0.83 247 293 70
0.836563 249 295 70
0.843125 250 297 70
0.849688 252 299 70
0.85625 253 300 70
0.862813 254 303 70
0.869375 255 305 70
0.875938 256 308 70
0.8825 258 310 70
0.889063 259 311 70
0.895625 260 314 70
0.902188 261 316 70
0.90875 262 319 70
0.915313 264 321 70
0.921875 265 322 70
0.928438 267 324 70
0.935 268 325 70
0.941563 271 328 70
0.948125 273 329 70
0.954688 275 330 70
0.96125 277 331 70
0.967813 279 332 70
0.974375 281 333 70
0.980938 283 334 70
0.9875 285 335 70
0.994063 287 336 70
1.000625 289 337 70
1.007188 291 338 70
1.01375 293 339 70
1.020313 295 340 70
1.026875 297 341 70
1.033438 299 342 70
1.04 301 343 70
1.046563 303 344 70
1.053125 305 345 70
1.059688 307 346 70
1.06625 309 347 70
1.072813 311 348 70
1.079375 313 349 70
1.085938 315 350 70
1.0925 317 351 70
1.099063 319 352 70
1.105625 321 353 70
1.112188 323 354 70
1.11875 325 355 70
1.125313 327 356 70
1.131875 329 357 70
1.138438 331 358 70
1.145 333 359 70
1.151563 335 360 70
1.158125 337 361 70
1.164688 339 362 70
1.17125 341 363 70
1.177813 343 364 70
1.184375 345 365 70
1.190938 347 366 70
1.1975 349 367 70
1.2 350 368 70
1.204063 358 375 70
1.210109 359 376 70
1.217188 368 384 70
1.220219 369 385 70
1.22375 370 385 70
1.230313 372 386 70
1.236875 374 387 70
1.243438 376 388 70
1.25 378 389 70
1.256563 380 390 70
1.263125 382 391 70
1.269688 384 392 70
1.27625 386 393 70
1.282813 388 394 70
1.289375 390 395 70
1.295938 392 396 70
1.302656 393 397 70
1.309219 393 398 70
1.3225 393 399 70
1.395219 394 399 70
1.421469 394 399 70
1.447719 394 400 70
1.458344 394 401 70
1.468969 394 402 70
1.495219 395 404 70
1.511469 396 405 70
1.521469 396 406 70
1.532094 396 407 70
1.537719 396 408 70
1.542719 396 409 70
1.548344 396 410 70
1.558969 396 411 70
1.568969 396 412 70
1.585219 396 413 70
1.595219 396 414 70
1.605844 396 415 70
1.611469 396 416 70
1.616469 396 417 70
1.622094 397 418 70
1.632719 397 420 70
1.642719 398 420 70
1.658969 398 422 70
1.668969 399 423 70
1.675219 399 424 70
1.679594 399 425 70
1.685219 399 426 70
1.690219 399 427 70
1.695844 399 428 70
1.701469 399 429 70
1.706469 399 430 70
1.712094 400 431 70
1.716469 400 432 70
1.722719 400 434 70
1.732719 401 434 70
1.742719 401 436 70
1.748969 402 437 70
1.753344 402 438 70
1.758969 402 439 70
1.763969 402 440 70
1.765219 402 441 70
1.769594 402 442 70
1.775219 402 443 70
1.780219 402 444 70
1.785844 402 445 70
1.790219 402 446 70
1.791469 402 447 70
1.796469 402 448 70
1.802094 402 449 70
1.806469 402 450 70
1.812719 402 451 70
1.816469 403 452 70
1.822719 403 453 70
1.827094 403 454 70
1.832719 403 456 70
1.837719 404 457 70
1.838969 404 457 70
1.843344 404 458 70
1.848969 404 460 70
1.853969 405 461 70
1.855219 405 461 70
1.859594 405 462 70
1.865219 405 464 70
1.871469 406 465 70
1.875844 407 466 70
1.881469 407 467 70
1.887719 407 468 70
1.892094 408 469 70
1.897719 408 470 70
1.900943 409 471 70
1.908344 409 471 70
1.913969 410 472 70
1.924594 411 473 70
