0 0
0.01 0
0.02 0
0.03 0.32
0.04 0
0.05 0
0.06 0.32
0.07 0
0.08 0
0.09 0
0.1 0
0.11 0
0.12 0
0.13 0
0.14 0
0.15 0
0.16 0
0.17 8.32
0.18 0
0.19 0
0.2 8.32
0.21 0
0.22 0
0.23 0.32
0.24 0
0.25 0
0.26 0.32
0.27 0
0.28 0
0.29 0
0.3 0
0.31 0
0.32 8.32
0.33 8.32
0.34 16.64
0.35 16.64
0.36 8.32
0.37 0.32
0.38 0.32
0.39 8.32
0.4 24.96
0.41 0.96
0.42 0.64
0.43 16.64
0.44 16.64
0.45 24.96
0.46 0.96
0.47 0.64
0.48 16.64
0.49 16.64
0.5 24.96
0.51 0.96
0.52 0.64
0.53 16.64
0.54 16.64
0.55 24.96
0.56 0.96
0.57 0.64
0.58 16.64
0.59 16.64
0.6 24.96
0.61 0.96
0.62 0.96
0.63 24.96
0.64 16.64
0.65 24.96
0.66 0.96
0.67 24.96
0.68 24.96
0.69 33.28
0.7 0.96
0.71 0.96
0.72 16.64
0.73 1.28
0.74 33.28
0.75 41.6
0.76 1.28
0.77 0.96
0.78 16.64
0.79 33.28
0.8 1.6
0.81 33.28
0.82 41.6
0.83 33.28
0.84 41.6
0.85 41.6
0.86 1.6
0.87 33.28
0.88 1.92
0.89 1.6
0.9 33.28
0.91 33.28
0.92 1.6
0.93 41.6
0.94 1.92
0.95 1.28
0.96 1.28
0.97 33.28
0.98 49.92
0.99 1.6
1 33.28
1.01 1.6
1.02 33.28
1.03 1.6
1.04 41.6
1.05 1.6
1.06 33.28
1.07 41.6
1.08 41.6
1.09 1.6
1.1 33.28
1.11 1.6
1.12 33.28
1.13 1.92
1.14 1.6
1.15 1.28
1.16 33.28
1.17 41.6
1.18 1.6
1.19 41.6
1.2 1.6
1.21 33.28
1.22 33.28
1.23 1.92
1.24 1.6
1.25 33.28
1.26 41.6
1.27 33.28
1.28 1.6
1.29 41.6
1.3 1.6
1.31 33.28
1.32 41.6
1.33 1.6
1.34 1.6
1.35 33.28
1.36 41.6
1.37 1.28
1.38 1.92
1.39 1.28
1.4 0.96
1.41 24.96
1.42 33.28
1.43 1.28
1.44 0.64
1.45 16.64
1.46 16.64
1.47 16.64
1.48 1.28
1.49 0.64
1.5 0.64
1.51 16.64
1.52 16.64
1.53 1.28
1.54 0.64
1.55 0.64
1.56 16.64
1.57 16.64
1.58 1.28
1.59 0.64
1.6 0.64
1.61 16.64
1.62 16.64
1.63 1.28
1.64 0.64
1.65 0.64
1.66 16.64
1.67 16.64
1.68 1.28
1.69 0.64
1.7 0.64
1.71 16.64
1.72 16.64
1.73 1.28
1.74 0.64
1.75 16.64
1.76 16.64
1.77 16.64
1.78 1.28
1.79 0.64
1.8 16.64
1.81 16.64
1.82 16.64
1.83 1.28
1.84 0.64
1.85 16.64
1.86 16.64
1.87 16.64
1.88 1.28
1.89 0.64
1.9 16.64
1.91 16.64
1.92 24.96
1.93 0.96
1.94 0.64
1.95 16.64
1.96 16.64
1.97 24.96
1.98 0.96
1.99 0.64
2 16.64
2.01 16.64
2.02 24.96
2.03 0.96
2.04 0.64
2.05 16.64
2.06 16.64
2.07 24.96
2.08 0.96
2.09 0.64
